Frame_Num,Water_Detected,Hands_in_Water,Soap_Score,Expected_Water_Detection,Expected_Water_Location,Expected_Soap_Score
1.0,0.0,1.0,833399.3928571413,0.0,0.0,1.
2.0,0.0,1.0,801947.3928571413,0.0,0.0,1.
3.0,0.0,1.0,759564.3928571413,0.0,0.0,1.
4.0,0.0,1.0,800757.3928571413,0.0,0.0,1.
5.0,0.0,1.0,816068.3928571413,0.0,0.0,1.
6.0,0.0,1.0,797186.3928571413,0.0,0.0,1.
7.0,0.0,1.0,795670.3928571413,0.0,0.0,1.
8.0,0.0,1.0,806152.3928571413,0.0,0.0,1.
9.0,0.0,1.0,830020.3928571413,0.0,0.0,1.
10.0,0.0,1.0,824023.3928571413,0.0,0.0,1.
11.0,0.0,1.0,829209.3928571413,0.0,0.0,1.
12.0,0.0,1.0,822237.3928571413,0.0,0.0,1.
13.0,0.0,1.0,808138.3928571413,0.0,0.0,1.
14.0,0.0,1.0,806453.3928571413,0.0,0.0,1.
15.0,0.0,1.0,796097.3928571413,0.0,0.0,1.
16.0,0.0,1.0,789757.3928571413,0.0,0.0,1.
17.0,0.0,1.0,809821.3928571413,0.0,0.0,1.
18.0,0.0,1.0,748646.3928571413,0.0,0.0,1.
19.0,0.0,1.0,787587.3928571413,0.0,0.0,1.
20.0,0.0,1.0,771967.3928571413,0.0,0.0,1.
21.0,0.0,1.0,804282.3928571413,0.0,0.0,1.
22.0,0.0,1.0,788461.3928571413,0.0,0.0,1.
23.0,0.0,1.0,756655.3928571413,0.0,0.0,1.
24.0,0.0,1.0,622445.3928571413,0.0,0.0,1.
25.0,0.0,1.0,482598.3928571413,0.0,0.0,1.
26.0,0.0,1.0,593255.3928571413,0.0,0.0,1.
27.0,0.0,1.0,487397.3928571413,0.0,0.0,1.
28.0,0.0,1.0,400245.3928571413,0.0,0.0,1.
29.0,0.0,1.0,387737.3928571413,0.0,0.0,1.
30.0,0.0,1.0,402056.3928571413,0.0,0.0,1.
31.0,0.0,1.0,410529.3928571413,0.0,0.0,1.
32.0,0.0,1.0,453469.3928571413,0.0,0.0,1.
33.0,0.0,1.0,417908.3928571413,0.0,0.0,1.
34.0,0.0,1.0,599481.3928571413,0.0,0.0,1.
35.0,0.0,1.0,507637.3928571413,0.0,0.0,1.
36.0,0.0,1.0,464183.3928571413,0.0,0.0,1.
37.0,0.0,1.0,621058.3928571413,0.0,0.0,1.
38.0,0.0,1.0,664663.3928571413,0.0,0.0,1.
39.0,0.0,1.0,719004.3928571413,0.0,0.0,1.
40.0,0.0,1.0,724026.3928571413,0.0,0.0,1.
41.0,0.0,1.0,728075.3928571413,0.0,0.0,1.
42.0,0.0,1.0,736796.3928571413,0.0,0.0,1.
43.0,0.0,1.0,719245.3928571413,0.0,0.0,1.
44.0,0.0,1.0,676991.3928571413,0.0,0.0,1.
45.0,0.0,1.0,673770.3928571413,0.0,0.0,1.
46.0,0.0,1.0,636042.3928571413,0.0,0.0,1.
47.0,0.0,1.0,584610.3928571413,0.0,0.0,1.
48.0,0.0,1.0,488858.3928571413,0.0,0.0,1.
49.0,0.0,1.0,480904.3928571413,0.0,0.0,1.
50.0,0.0,1.0,540236.3928571413,0.0,0.0,1.
51.0,0.0,1.0,487570.3928571413,0.0,0.0,1.
52.0,0.0,1.0,538832.3928571413,0.0,0.0,1.
53.0,0.0,1.0,526096.3928571413,0.0,0.0,1.
54.0,0.0,1.0,544458.3928571413,0.0,0.0,1.
55.0,0.0,1.0,583405.3928571413,0.0,0.0,1.
56.0,0.0,1.0,639663.3928571413,0.0,0.0,1.
57.0,0.0,1.0,658535.3928571413,0.0,0.0,1.
58.0,0.0,1.0,639517.3928571413,0.0,0.0,1.
59.0,0.0,1.0,654362.3928571413,0.0,0.0,1.
60.0,0.0,1.0,668056.3928571413,0.0,0.0,1.
61.0,0.0,1.0,658171.3928571413,0.0,0.0,1.
62.0,0.0,1.0,555591.3928571413,0.0,0.0,1.
63.0,0.0,1.0,430029.6071428587,0.0,0.0,1.
64.0,0.0,1.0,441758.6071428587,0.0,0.0,1.
65.0,0.0,1.0,404761.3928571413,0.0,0.0,1.
66.0,0.0,1.0,359309.3928571413,0.0,0.0,1.
67.0,0.0,1.0,498590.3928571413,0.0,0.0,1.
68.0,0.0,1.0,495316.3928571413,0.0,0.0,1.
69.0,0.0,1.0,410237.3928571413,0.0,0.0,1.
70.0,0.0,1.0,493285.3928571413,0.0,0.0,1.
71.0,0.0,1.0,456336.3928571413,0.0,0.0,1.
72.0,0.0,1.0,602385.3928571413,0.0,0.0,1.
73.0,0.0,1.0,506997.3928571413,0.0,0.0,1.
74.0,0.0,1.0,418226.3928571413,0.0,0.0,1.
75.0,0.0,1.0,447963.3928571413,0.0,0.0,1.
76.0,0.0,1.0,371631.3928571413,0.0,0.0,1.
77.0,0.0,1.0,529236.3928571413,0.0,0.0,1.
78.0,0.0,1.0,576187.3928571413,0.0,0.0,1.
79.0,0.0,1.0,570750.3928571413,0.0,0.0,1.
80.0,0.0,1.0,530405.3928571413,0.0,0.0,1.
81.0,0.0,1.0,602382.3928571413,0.0,0.0,1.
82.0,0.0,1.0,630641.3928571413,0.0,0.0,1.
83.0,0.0,1.0,526293.3928571413,0.0,0.0,1.
84.0,0.0,1.0,603210.3928571413,0.0,0.0,1.
85.0,0.0,1.0,527411.3928571413,0.0,0.0,1.
86.0,0.0,1.0,452160.3928571413,0.0,0.0,1.
87.0,0.0,1.0,559558.3928571413,0.0,0.0,1.
88.0,0.0,1.0,585272.3928571413,0.0,0.0,1.
89.0,0.0,1.0,438184.3928571413,0.0,0.0,1.
90.0,0.0,1.0,430165.6071428587,0.0,0.0,1.
91.0,0.0,1.0,447048.6071428587,0.0,0.0,1.
92.0,0.0,1.0,557558.3928571413,0.0,0.0,1.
93.0,0.0,1.0,441954.3928571413,0.0,0.0,1.
94.0,0.0,1.0,614909.3928571413,0.0,0.0,1.
95.0,0.0,1.0,399099.3928571413,0.0,0.0,1.
96.0,0.0,1.0,437782.3928571413,0.0,0.0,1.
97.0,0.0,1.0,494677.3928571413,0.0,0.0,1.
98.0,0.0,1.0,625004.3928571413,0.0,0.0,1.
99.0,0.0,1.0,424727.3928571413,0.0,0.0,1.
100.0,0.0,1.0,412182.6071428587,0.0,0.0,1.
101.0,0.0,1.0,481984.3928571413,0.0,0.0,1.
102.0,0.0,1.0,461232.3928571413,0.0,0.0,1.
103.0,0.0,1.0,489644.3928571413,0.0,0.0,1.
104.0,0.0,1.0,553945.3928571413,0.0,0.0,1.
105.0,0.0,1.0,699064.3928571413,0.0,0.0,1.
106.0,0.0,1.0,420244.3928571413,0.0,0.0,1.
107.0,0.0,1.0,458371.3928571413,0.0,0.0,1.
108.0,0.0,1.0,564306.3928571413,0.0,0.0,1.
109.0,0.0,1.0,617596.3928571413,0.0,0.0,1.
110.0,0.0,1.0,517874.3928571413,0.0,0.0,1.
111.0,0.0,1.0,581148.3928571413,0.0,0.0,1.
112.0,0.0,1.0,584391.3928571413,0.0,0.0,1.
113.0,0.0,1.0,426844.3928571413,0.0,0.0,1.
114.0,0.0,1.0,318143.3928571413,0.0,0.0,1.
115.0,0.0,1.0,359772.6071428587,0.0,0.0,1.
116.0,0.0,1.0,453349.6071428587,0.0,0.0,1.
117.0,0.0,1.0,504481.6071428587,0.0,0.0,1.
118.0,0.0,1.0,433560.6071428587,0.0,0.0,1.
119.0,0.0,1.0,321525.3928571413,0.0,0.0,1.
120.0,0.0,1.0,257625.39285714133,0.0,0.0,1.
121.0,0.0,1.0,497759.6071428587,0.0,0.0,1.
122.0,0.0,1.0,407235.6071428587,0.0,0.0,1.
123.0,0.0,1.0,514286.6071428587,0.0,0.0,1.
124.0,0.0,1.0,514352.6071428587,0.0,0.0,1.
125.0,0.0,1.0,597148.3928571413,0.0,0.0,1.
126.0,0.0,1.0,459388.6071428587,0.0,0.0,1.
127.0,0.0,1.0,490290.6071428587,0.0,0.0,1.
128.0,0.0,1.0,448235.6071428587,0.0,0.0,1.
129.0,0.0,1.0,436791.6071428587,0.0,0.0,1.
130.0,0.0,1.0,443557.6071428587,0.0,0.0,1.
131.0,0.0,1.0,461454.6071428587,0.0,0.0,1.
132.0,0.0,1.0,455995.6071428587,0.0,0.0,1.
133.0,0.0,1.0,515421.3928571413,0.0,0.0,1.
134.0,0.0,1.0,528170.3928571413,0.0,0.0,1.
135.0,0.0,1.0,522953.3928571413,0.0,0.0,1.
136.0,0.0,1.0,546226.3928571413,0.0,0.0,1.
137.0,0.0,1.0,602396.3928571413,0.0,0.0,1.
138.0,0.0,1.0,582538.3928571413,0.0,0.0,1.
139.0,0.0,1.0,581236.3928571413,0.0,0.0,1.
140.0,0.0,1.0,623463.3928571413,0.0,0.0,1.
141.0,0.0,1.0,588976.3928571413,0.0,0.0,1.
142.0,0.0,1.0,656931.3928571413,0.0,0.0,1.
143.0,0.0,1.0,671740.3928571413,0.0,0.0,1.
144.0,0.0,1.0,616069.3928571413,0.0,0.0,1.
145.0,0.0,1.0,615514.3928571413,0.0,0.0,1.
146.0,0.0,1.0,648376.3928571413,0.0,0.0,1.
147.0,0.0,1.0,647800.3928571413,0.0,0.0,1.
148.0,0.0,1.0,640243.3928571413,0.0,0.0,1.
149.0,0.0,1.0,641420.3928571413,0.0,0.0,1.
150.0,0.0,1.0,641396.3928571413,0.0,0.0,1.
151.0,0.0,1.0,643222.3928571413,0.0,0.0,1.
152.0,0.0,1.0,642253.3928571413,0.0,0.0,1.
153.0,0.0,1.0,637047.3928571413,0.0,0.0,1.
154.0,0.0,1.0,631741.3928571413,0.0,0.0,1.
155.0,0.0,1.0,608323.3928571413,0.0,0.0,1.
156.0,0.0,1.0,541332.3928571413,0.0,0.0,1.
157.0,0.0,1.0,579258.3928571413,0.0,0.0,1.
158.0,0.0,1.0,523772.3928571413,0.0,0.0,1.
159.0,0.0,1.0,524852.3928571413,0.0,0.0,1.
160.0,0.0,1.0,523100.6071428587,0.0,0.0,1.
161.0,0.0,1.0,507611.6071428587,0.0,0.0,1.
162.0,0.0,1.0,641658.3928571413,0.0,0.0,1.
163.0,0.0,1.0,628313.3928571413,0.0,0.0,1.
164.0,0.0,1.0,594043.3928571413,0.0,0.0,1.
165.0,0.0,1.0,596708.3928571413,0.0,0.0,1.
166.0,0.0,1.0,557181.3928571413,0.0,0.0,1.
167.0,0.0,1.0,506316.3928571413,0.0,0.0,1.
168.0,0.0,1.0,604817.3928571413,0.0,0.0,1.
169.0,0.0,1.0,674373.3928571413,0.0,0.0,1.
170.0,0.0,1.0,731847.3928571413,0.0,0.0,1.
171.0,0.0,1.0,655772.3928571413,0.0,0.0,1.
172.0,0.0,1.0,625513.3928571413,0.0,0.0,1.
173.0,0.0,1.0,655650.3928571413,0.0,0.0,1.
174.0,0.0,1.0,658909.3928571413,0.0,0.0,1.
175.0,0.0,1.0,596932.3928571413,0.0,0.0,1.
176.0,0.0,1.0,470140.3928571413,0.0,0.0,1.
177.0,0.0,1.0,460726.3928571413,0.0,0.0,1.
178.0,0.0,1.0,457815.3928571413,0.0,0.0,1.
179.0,0.0,1.0,450254.3928571413,0.0,0.0,1.
180.0,0.0,1.0,413117.3928571413,0.0,0.0,1.
181.0,0.0,1.0,420507.6071428587,0.0,0.0,1.
182.0,0.0,1.0,437079.6071428587,0.0,0.0,1.
183.0,0.0,1.0,461825.6071428587,0.0,0.0,1.
184.0,0.0,1.0,475273.6071428587,0.0,0.0,1.
185.0,0.0,1.0,458796.6071428587,0.0,0.0,1.
186.0,0.0,1.0,470122.6071428587,0.0,0.0,1.
187.0,0.0,1.0,472541.6071428587,0.0,0.0,1.
188.0,0.0,1.0,441904.6071428587,0.0,0.0,1.
189.0,0.0,1.0,511048.3928571413,0.0,0.0,1.
190.0,0.0,1.0,444691.3928571413,0.0,0.0,1.
191.0,0.0,1.0,455571.6071428587,0.0,0.0,1.
192.0,0.0,1.0,427852.6071428587,0.0,0.0,1.
193.0,0.0,1.0,472475.6071428587,0.0,0.0,1.
194.0,0.0,1.0,479479.6071428587,0.0,0.0,1.
195.0,0.0,1.0,472169.6071428587,0.0,0.0,1.
196.0,0.0,1.0,457959.6071428587,0.0,0.0,1.
197.0,0.0,1.0,430992.6071428587,0.0,0.0,1.
198.0,0.0,1.0,461590.6071428587,0.0,0.0,1.
199.0,0.0,1.0,471577.6071428587,0.0,0.0,1.
200.0,0.0,1.0,482963.3928571413,0.0,0.0,1.
201.0,0.0,1.0,474518.3928571413,0.0,0.0,1.
202.0,0.0,1.0,487298.3928571413,0.0,0.0,1.
203.0,0.0,1.0,506141.3928571413,0.0,0.0,1.
204.0,0.0,1.0,519888.3928571413,0.0,0.0,1.
205.0,0.0,1.0,476618.3928571413,0.0,0.0,1.
206.0,0.0,1.0,446728.3928571413,0.0,0.0,1.
207.0,0.0,1.0,432770.3928571413,0.0,0.0,1.
208.0,0.0,1.0,405667.3928571413,0.0,0.0,1.
209.0,0.0,1.0,328689.6071428587,0.0,0.0,1.
210.0,0.0,1.0,436106.6071428587,0.0,0.0,1.
211.0,0.0,1.0,453455.6071428587,0.0,0.0,1.
212.0,0.0,1.0,483059.3928571413,0.0,0.0,1.
213.0,0.0,1.0,454260.6071428587,0.0,0.0,1.
214.0,0.0,1.0,445346.6071428587,0.0,0.0,1.
215.0,0.0,1.0,390850.3928571413,0.0,0.0,1.
216.0,0.0,1.0,406825.3928571413,0.0,0.0,1.
217.0,0.0,1.0,399748.3928571413,0.0,0.0,1.
218.0,0.0,1.0,385112.3928571413,0.0,0.0,1.
219.0,0.0,1.0,507550.3928571413,0.0,0.0,1.
220.0,0.0,1.0,508895.3928571413,0.0,0.0,1.
221.0,0.0,1.0,471097.3928571413,0.0,0.0,1.
222.0,0.0,1.0,495289.3928571413,0.0,0.0,1.
223.0,0.0,1.0,397125.3928571413,0.0,0.0,1.
224.0,0.0,1.0,382046.3928571413,0.0,0.0,1.
225.0,0.0,1.0,383565.3928571413,0.0,0.0,1.
226.0,0.0,1.0,441999.6071428587,0.0,0.0,1.
227.0,0.0,1.0,466301.6071428587,0.0,0.0,1.
228.0,0.0,1.0,486557.6071428587,0.0,0.0,1.
229.0,0.0,1.0,487941.6071428587,0.0,0.0,1.
230.0,0.0,1.0,478972.6071428587,0.0,0.0,1.
231.0,0.0,1.0,488842.6071428587,0.0,0.0,1.
232.0,0.0,1.0,487675.6071428587,0.0,0.0,1.
233.0,0.0,1.0,524332.3928571413,0.0,0.0,1.
234.0,0.0,1.0,500791.3928571413,0.0,0.0,1.
235.0,0.0,1.0,556504.3928571413,0.0,0.0,1.
236.0,0.0,1.0,477750.6071428587,0.0,0.0,1.
237.0,0.0,1.0,537651.3928571413,0.0,0.0,1.
238.0,0.0,1.0,478034.6071428587,0.0,0.0,1.
239.0,0.0,1.0,503322.3928571413,0.0,0.0,1.
240.0,0.0,1.0,403607.6071428587,0.0,0.0,1.
241.0,0.0,1.0,373773.3928571413,0.0,0.0,1.
242.0,0.0,1.0,425684.3928571413,0.0,0.0,1.
243.0,0.0,1.0,439511.3928571413,0.0,0.0,1.
244.0,0.0,1.0,395578.3928571413,0.0,0.0,1.
245.0,0.0,1.0,438494.3928571413,0.0,0.0,1.
246.0,0.0,1.0,457364.3928571413,0.0,0.0,1.
247.0,0.0,1.0,488625.3928571413,0.0,0.0,1.
248.0,0.0,1.0,469911.3928571413,0.0,0.0,1.
249.0,0.0,1.0,443179.3928571413,0.0,0.0,1.
250.0,0.0,1.0,363936.3928571413,0.0,0.0,1.
251.0,0.0,1.0,430961.3928571413,0.0,0.0,1.
252.0,0.0,1.0,385381.6071428587,0.0,0.0,1.
253.0,0.0,1.0,463578.6071428587,0.0,0.0,1.
