Frame_Num,Water_Detected,Hands_in_Water,Soap_Score,Expected_Water_Detection,Expected_Water_Location,Expected_Soap_Score
1.0,1.0,0.0,364495.8095238061,1.0,0.0,0.
2.0,1.0,0.0,467993.8095238061,1.0,0.0,0.
3.0,1.0,0.0,552465.8095238061,1.0,0.0,0.
4.0,1.0,0.0,446945.8095238061,1.0,0.0,0.
5.0,1.0,0.0,425737.8095238061,1.0,0.0,0.
6.0,1.0,0.0,430090.8095238061,1.0,0.0,0.
7.0,1.0,0.0,506699.8095238061,1.0,0.0,0.
8.0,1.0,0.0,380645.8095238061,1.0,0.0,0.
9.0,1.0,0.0,291373.8095238061,1.0,0.0,0.
10.0,1.0,0.0,397771.8095238061,1.0,0.0,0.
11.0,1.0,0.0,510388.8095238061,1.0,0.0,0.
12.0,1.0,0.0,477884.8095238061,1.0,0.0,0.
13.0,1.0,0.0,441592.8095238061,1.0,0.0,0.
14.0,1.0,0.0,428466.8095238061,1.0,0.0,0.
15.0,1.0,0.0,440346.8095238061,1.0,0.0,0.
16.0,1.0,0.0,433613.8095238061,1.0,0.0,0.
17.0,1.0,0.0,444218.8095238061,1.0,0.0,0.
18.0,1.0,0.0,415270.8095238061,1.0,0.0,0.
19.0,1.0,0.0,410875.8095238061,1.0,0.0,0.
20.0,1.0,0.0,592006.8095238061,1.0,0.0,0.
21.0,1.0,0.0,480262.8095238061,1.0,0.0,0.
22.0,1.0,0.0,582184.8095238061,1.0,0.0,0.
23.0,1.0,0.0,410137.8095238061,1.0,0.0,0.
24.0,1.0,0.0,381945.8095238061,1.0,0.0,0.
25.0,1.0,0.0,378129.8095238061,1.0,0.0,0.
26.0,1.0,0.0,366046.8095238061,1.0,0.0,0.
27.0,1.0,0.0,357422.8095238061,1.0,0.0,0.
28.0,1.0,0.0,354026.8095238061,1.0,0.0,0.
29.0,1.0,0.0,316739.8095238061,1.0,0.0,0.
30.0,1.0,0.0,332621.8095238061,1.0,0.0,0.
31.0,1.0,0.0,358639.8095238061,1.0,0.0,0.
32.0,1.0,0.0,373458.8095238061,1.0,0.0,0.
33.0,1.0,0.0,332953.8095238061,1.0,0.0,0.
34.0,1.0,0.0,334852.8095238061,1.0,0.0,0.
35.0,1.0,0.0,343568.8095238061,1.0,0.0,0.
36.0,1.0,0.0,342320.8095238061,1.0,0.0,0.
37.0,1.0,0.0,292247.8095238061,1.0,0.0,0.
38.0,1.0,0.0,310660.8095238061,1.0,0.0,0.
39.0,1.0,0.0,344442.8095238061,1.0,0.0,0.
40.0,1.0,0.0,290130.8095238061,1.0,0.0,0.
41.0,1.0,0.0,404584.8095238061,1.0,0.0,0.
42.0,1.0,0.0,608709.8095238061,1.0,0.0,0.
43.0,1.0,0.0,305802.8095238061,1.0,0.0,0.
44.0,1.0,0.0,335657.8095238061,1.0,0.0,0.
45.0,1.0,0.0,356833.8095238061,1.0,0.0,0.
46.0,1.0,0.0,280122.8095238061,1.0,0.0,0.
47.0,1.0,0.0,294816.8095238061,1.0,0.0,0.
48.0,1.0,0.0,389677.8095238061,1.0,0.0,0.
49.0,1.0,0.0,367672.8095238061,1.0,0.0,0.
50.0,1.0,0.0,419181.8095238061,1.0,0.0,0.
51.0,1.0,0.0,360668.8095238061,1.0,0.0,0.
52.0,1.0,0.0,347918.8095238061,1.0,0.0,0.
53.0,1.0,0.0,372725.8095238061,1.0,0.0,0.
54.0,1.0,0.0,357835.8095238061,1.0,0.0,0.
55.0,1.0,0.0,376622.8095238061,1.0,0.0,0.
56.0,1.0,0.0,383115.8095238061,1.0,0.0,0.
57.0,1.0,0.0,279390.8095238061,1.0,0.0,0.
58.0,1.0,0.0,284973.8095238061,1.0,0.0,0.
59.0,1.0,0.0,332310.8095238061,1.0,0.0,0.
60.0,1.0,0.0,407073.8095238061,1.0,0.0,0.
61.0,1.0,0.0,641107.8095238061,1.0,0.0,0.
62.0,1.0,0.0,725651.8095238061,1.0,0.0,0.
63.0,1.0,0.0,444985.8095238061,1.0,0.0,0.
64.0,1.0,0.0,442517.8095238061,1.0,0.0,0.
65.0,1.0,0.0,382656.8095238061,1.0,0.0,0.
66.0,1.0,0.0,493875.8095238061,1.0,0.0,0.
67.0,1.0,0.0,404546.8095238061,1.0,0.0,0.
68.0,1.0,0.0,441348.8095238061,1.0,0.0,0.
69.0,1.0,0.0,466629.8095238061,1.0,0.0,0.
70.0,1.0,0.0,380358.8095238061,1.0,0.0,0.
71.0,1.0,0.0,399463.8095238061,1.0,0.0,0.
72.0,1.0,0.0,385586.8095238061,1.0,0.0,0.
73.0,1.0,0.0,475167.8095238061,1.0,0.0,0.
74.0,1.0,0.0,407978.8095238061,1.0,0.0,0.
75.0,1.0,0.0,463101.8095238061,1.0,0.0,0.
76.0,1.0,0.0,333418.8095238061,1.0,0.0,0.
77.0,1.0,0.0,380160.8095238061,1.0,0.0,0.
78.0,1.0,0.0,567489.8095238061,1.0,0.0,0.
79.0,1.0,0.0,457412.8095238061,1.0,0.0,0.
80.0,1.0,0.0,410737.8095238061,1.0,0.0,0.
81.0,1.0,0.0,545049.8095238061,1.0,0.0,0.
82.0,1.0,0.0,616470.8095238061,1.0,0.0,0.
83.0,1.0,0.0,314101.8095238061,1.0,0.0,0.
84.0,1.0,0.0,409436.8095238061,1.0,0.0,0.
85.0,1.0,0.0,398512.8095238061,1.0,0.0,0.
86.0,1.0,0.0,378223.8095238061,1.0,0.0,0.
87.0,1.0,0.0,542007.8095238061,1.0,0.0,0.
88.0,1.0,0.0,344044.8095238061,1.0,0.0,0.
89.0,1.0,0.0,361707.8095238061,1.0,0.0,0.
90.0,1.0,1.0,324865.8095238061,1.0,0.0,0.
91.0,1.0,0.0,323533.8095238061,1.0,0.0,0.
92.0,1.0,0.0,428212.8095238061,1.0,0.0,0.
93.0,1.0,0.0,486608.8095238061,1.0,0.0,0.
94.0,1.0,0.0,549169.8095238061,1.0,0.0,0.
95.0,1.0,0.0,401051.8095238061,1.0,0.0,0.
96.0,1.0,0.0,239551.1904761939,1.0,0.0,0.
97.0,1.0,0.0,481425.8095238061,1.0,0.0,0.
98.0,1.0,0.0,296341.8095238061,1.0,0.0,0.
99.0,1.0,0.0,342223.8095238061,1.0,0.0,0.
100.0,1.0,0.0,634144.8095238061,1.0,0.0,0.
101.0,1.0,0.0,257277.1904761939,1.0,0.0,0.
102.0,1.0,0.0,247191.1904761939,1.0,0.0,0.
103.0,1.0,0.0,625374.8095238061,1.0,0.0,0.
104.0,1.0,0.0,308269.8095238061,1.0,0.0,0.
105.0,1.0,0.0,360463.8095238061,1.0,0.0,0.
106.0,1.0,0.0,427676.8095238061,1.0,0.0,0.
107.0,1.0,0.0,560191.8095238061,1.0,0.0,0.
108.0,1.0,0.0,475040.8095238061,1.0,0.0,0.
109.0,1.0,0.0,366878.8095238061,1.0,0.0,0.
110.0,1.0,0.0,318294.8095238061,1.0,0.0,0.
111.0,1.0,0.0,434989.8095238061,1.0,0.0,0.
112.0,1.0,0.0,379951.8095238061,1.0,0.0,0.
113.0,1.0,0.0,357301.8095238061,1.0,0.0,0.
114.0,1.0,0.0,359817.8095238061,1.0,0.0,0.
115.0,1.0,0.0,391230.8095238061,1.0,0.0,0.
116.0,1.0,0.0,416076.8095238061,1.0,0.0,0.
117.0,1.0,0.0,450084.8095238061,1.0,0.0,0.
118.0,1.0,0.0,378190.8095238061,1.0,0.0,0.
119.0,1.0,0.0,265181.8095238061,1.0,0.0,0.
120.0,1.0,0.0,253214.8095238061,1.0,0.0,0.
121.0,1.0,0.0,267338.8095238061,1.0,0.0,0.
122.0,1.0,0.0,303582.8095238061,1.0,0.0,0.
123.0,1.0,0.0,455040.8095238061,1.0,0.0,0.
124.0,1.0,0.0,508555.8095238061,1.0,0.0,0.
125.0,1.0,0.0,471615.8095238061,1.0,0.0,0.
126.0,1.0,0.0,511982.8095238061,1.0,0.0,0.
127.0,1.0,0.0,478390.8095238061,1.0,0.0,0.
128.0,1.0,0.0,432937.8095238061,1.0,0.0,0.
129.0,1.0,0.0,482021.8095238061,1.0,0.0,0.
130.0,1.0,0.0,456487.8095238061,1.0,0.0,0.
131.0,1.0,0.0,461300.8095238061,1.0,0.0,0.
132.0,1.0,0.0,439181.8095238061,1.0,0.0,0.
133.0,1.0,0.0,398281.8095238061,1.0,0.0,0.
134.0,1.0,0.0,415759.8095238061,1.0,0.0,0.
135.0,1.0,0.0,521703.8095238061,1.0,0.0,0.
136.0,1.0,0.0,375597.8095238061,1.0,0.0,0.
137.0,1.0,0.0,527956.8095238061,1.0,0.0,0.
138.0,1.0,1.0,438548.8095238061,1.0,0.0,0.
139.0,1.0,1.0,338468.8095238061,1.0,0.0,0.
140.0,1.0,0.0,434661.8095238061,1.0,0.0,0.
141.0,1.0,0.0,446759.8095238061,1.0,0.0,0.
142.0,1.0,1.0,295458.8095238061,1.0,0.0,0.
143.0,1.0,1.0,292173.8095238061,1.0,0.0,0.
144.0,1.0,1.0,541798.8095238061,1.0,0.0,0.
145.0,1.0,0.0,407246.8095238061,1.0,0.0,0.
146.0,1.0,0.0,506674.8095238061,1.0,0.0,0.
147.0,1.0,1.0,672005.8095238061,1.0,0.0,0.
148.0,1.0,0.0,340242.8095238061,1.0,0.0,0.
149.0,1.0,1.0,481213.8095238061,1.0,0.0,0.
150.0,1.0,0.0,760567.8095238061,1.0,0.0,0.
151.0,1.0,0.0,640118.8095238061,1.0,0.0,0.
152.0,1.0,0.0,464041.8095238061,1.0,0.0,0.
153.0,1.0,0.0,445995.8095238061,1.0,0.0,0.
154.0,1.0,0.0,333115.8095238061,1.0,0.0,0.
155.0,1.0,1.0,367967.8095238061,1.0,0.0,0.
156.0,1.0,0.0,436507.8095238061,1.0,0.0,0.
157.0,1.0,1.0,498607.8095238061,1.0,0.0,0.
158.0,1.0,0.0,509400.8095238061,1.0,0.0,0.
159.0,1.0,0.0,458994.8095238061,1.0,0.0,0.
160.0,1.0,0.0,361783.8095238061,1.0,0.0,0.
161.0,1.0,0.0,326856.8095238061,1.0,0.0,0.
162.0,1.0,0.0,418339.8095238061,1.0,0.0,0.
163.0,1.0,0.0,280007.8095238061,1.0,0.0,0.
164.0,1.0,0.0,351235.8095238061,1.0,0.0,0.
165.0,1.0,0.0,340409.8095238061,1.0,0.0,0.
166.0,1.0,0.0,314416.8095238061,1.0,0.0,0.
167.0,1.0,0.0,348097.8095238061,1.0,0.0,0.
168.0,1.0,0.0,471275.8095238061,1.0,0.0,0.
169.0,1.0,0.0,503471.8095238061,1.0,0.0,0.
170.0,1.0,0.0,459387.8095238061,1.0,0.0,0.
171.0,1.0,0.0,450402.8095238061,1.0,0.0,0.
172.0,1.0,0.0,430276.8095238061,1.0,0.0,0.
173.0,1.0,0.0,426624.8095238061,1.0,0.0,0.
174.0,1.0,0.0,454697.8095238061,1.0,0.0,0.
175.0,1.0,1.0,397995.8095238061,1.0,0.0,0.
176.0,1.0,0.0,375726.8095238061,1.0,0.0,0.
177.0,1.0,0.0,555301.8095238061,1.0,0.0,0.
178.0,1.0,0.0,748620.8095238061,1.0,0.0,0.
179.0,1.0,0.0,457681.8095238061,1.0,0.0,0.
180.0,1.0,0.0,457074.8095238061,1.0,0.0,0.
181.0,1.0,0.0,508100.8095238061,1.0,0.0,0.
182.0,1.0,0.0,539739.8095238061,1.0,0.0,0.
183.0,1.0,0.0,420860.8095238061,1.0,0.0,0.
184.0,1.0,0.0,423410.8095238061,1.0,0.0,0.
185.0,1.0,0.0,472896.8095238061,1.0,0.0,0.
186.0,1.0,0.0,453115.8095238061,1.0,0.0,0.
187.0,1.0,0.0,344099.8095238061,1.0,0.0,0.
188.0,1.0,0.0,224235.1904761939,1.0,0.0,0.
189.0,1.0,0.0,267214.8095238061,1.0,0.0,0.
190.0,1.0,0.0,574128.8095238061,1.0,0.0,0.
191.0,1.0,0.0,303661.8095238061,1.0,0.0,0.
192.0,1.0,0.0,319534.8095238061,1.0,0.0,0.
193.0,1.0,0.0,274640.1904761939,1.0,0.0,0.
194.0,1.0,0.0,291150.1904761939,1.0,0.0,0.
195.0,1.0,0.0,278299.1904761939,1.0,0.0,0.
196.0,1.0,0.0,300319.8095238061,1.0,0.0,0.
197.0,1.0,0.0,326114.8095238061,1.0,0.0,0.
198.0,1.0,0.0,290480.8095238061,1.0,0.0,0.
199.0,1.0,0.0,285023.8095238061,1.0,0.0,0.
200.0,1.0,0.0,262760.8095238061,1.0,0.0,0.
201.0,1.0,1.0,233946.1904761939,1.0,0.0,0.
202.0,1.0,0.0,311756.8095238061,1.0,0.0,0.
203.0,1.0,0.0,386503.8095238061,1.0,0.0,0.
204.0,1.0,0.0,233593.8095238061,1.0,0.0,0.
205.0,1.0,0.0,240260.8095238061,1.0,0.0,0.
206.0,1.0,0.0,390920.8095238061,1.0,0.0,0.
207.0,1.0,0.0,361267.8095238061,1.0,0.0,0.
208.0,1.0,0.0,410721.8095238061,1.0,0.0,0.
209.0,1.0,0.0,469627.8095238061,1.0,0.0,0.
210.0,1.0,0.0,457914.8095238061,1.0,0.0,0.
211.0,1.0,0.0,446034.8095238061,1.0,0.0,0.
212.0,1.0,0.0,417269.8095238061,1.0,0.0,0.
213.0,1.0,0.0,462503.8095238061,1.0,0.0,0.
214.0,1.0,0.0,436159.8095238061,1.0,0.0,0.
215.0,1.0,0.0,502790.8095238061,1.0,0.0,0.
216.0,1.0,0.0,453004.8095238061,1.0,0.0,0.
217.0,1.0,0.0,400914.8095238061,1.0,0.0,0.
218.0,1.0,0.0,437252.8095238061,1.0,0.0,0.
219.0,1.0,0.0,397817.8095238061,1.0,0.0,0.
220.0,1.0,0.0,368830.8095238061,1.0,0.0,0.
221.0,1.0,0.0,334272.8095238061,1.0,0.0,0.
222.0,1.0,0.0,356777.8095238061,1.0,0.0,0.
223.0,1.0,0.0,402899.8095238061,1.0,0.0,0.
224.0,1.0,0.0,443023.8095238061,1.0,0.0,0.
225.0,1.0,0.0,394947.8095238061,1.0,0.0,0.
226.0,1.0,0.0,521868.8095238061,1.0,0.0,0.
227.0,1.0,0.0,447279.8095238061,1.0,0.0,0.
