Frame_Num,Water_Detected,Hands_in_Water,Soap_Score,Expected_Water_Detection,Expected_Water_Location,Expected_Soap_Score
1.0,0.0,0.0,353827.8095238061,0.0,0.0,0.
2.0,0.0,0.0,359763.8095238061,0.0,0.0,0.
3.0,0.0,0.0,458390.8095238061,0.0,0.0,0.
4.0,0.0,0.0,394480.8095238061,0.0,0.0,0.
5.0,0.0,1.0,530507.8095238061,0.0,0.0,0.
6.0,0.0,0.0,404903.8095238061,0.0,0.0,0.
7.0,0.0,0.0,433377.8095238061,0.0,0.0,0.
8.0,0.0,0.0,425605.8095238061,0.0,0.0,0.
9.0,0.0,0.0,483268.8095238061,0.0,0.0,0.
10.0,0.0,0.0,424594.8095238061,0.0,0.0,0.
11.0,0.0,0.0,720326.8095238061,0.0,0.0,0.
12.0,0.0,0.0,489190.8095238061,0.0,0.0,0.
13.0,0.0,0.0,761326.8095238061,0.0,0.0,0.
14.0,0.0,0.0,578607.8095238061,0.0,0.0,0.
15.0,0.0,0.0,413747.8095238061,0.0,0.0,0.
16.0,0.0,0.0,422080.8095238061,0.0,0.0,0.
17.0,0.0,0.0,596411.8095238061,0.0,0.0,0.
18.0,0.0,0.0,304453.8095238061,0.0,0.0,0.
19.0,0.0,0.0,464206.8095238061,0.0,0.0,0.
20.0,0.0,0.0,321435.8095238061,0.0,0.0,0.
21.0,0.0,0.0,321694.8095238061,0.0,0.0,0.
22.0,0.0,0.0,492891.8095238061,0.0,0.0,0.
23.0,0.0,0.0,621894.8095238061,0.0,0.0,0.
24.0,0.0,0.0,521093.8095238061,0.0,0.0,0.
25.0,0.0,0.0,424139.8095238061,0.0,0.0,0.
26.0,0.0,0.0,435840.8095238061,0.0,0.0,0.
27.0,0.0,0.0,474847.8095238061,0.0,0.0,0.
28.0,0.0,0.0,487193.8095238061,0.0,0.0,0.
29.0,0.0,0.0,503462.8095238061,0.0,0.0,0.
30.0,0.0,0.0,452112.8095238061,0.0,0.0,0.
31.0,0.0,0.0,405367.8095238061,0.0,0.0,0.
32.0,0.0,0.0,443287.8095238061,0.0,0.0,0.
33.0,0.0,0.0,503983.8095238061,0.0,0.0,0.
34.0,0.0,0.0,523378.8095238061,0.0,0.0,0.
35.0,0.0,0.0,518022.8095238061,0.0,0.0,0.
36.0,0.0,0.0,425123.8095238061,0.0,0.0,0.
37.0,0.0,0.0,308822.8095238061,0.0,0.0,0.
38.0,0.0,0.0,400281.8095238061,0.0,0.0,0.
39.0,0.0,0.0,412535.8095238061,0.0,0.0,0.
40.0,0.0,0.0,347655.8095238061,0.0,0.0,0.
41.0,0.0,0.0,420489.8095238061,0.0,0.0,0.
42.0,0.0,0.0,317677.8095238061,0.0,0.0,0.
43.0,0.0,0.0,410368.8095238061,0.0,0.0,0.
44.0,0.0,0.0,410825.8095238061,0.0,0.0,0.
45.0,0.0,0.0,478173.8095238061,0.0,0.0,0.
46.0,0.0,0.0,404678.8095238061,0.0,0.0,0.
47.0,0.0,0.0,354951.8095238061,0.0,0.0,0.
48.0,0.0,0.0,392594.8095238061,0.0,0.0,0.
49.0,0.0,0.0,332154.8095238061,0.0,0.0,0.
50.0,0.0,0.0,383500.8095238061,0.0,0.0,0.
51.0,0.0,0.0,330842.8095238061,0.0,0.0,0.
52.0,0.0,0.0,326590.8095238061,0.0,0.0,0.
53.0,0.0,0.0,318807.8095238061,0.0,0.0,0.
54.0,0.0,0.0,482373.8095238061,0.0,0.0,0.
55.0,0.0,0.0,376188.8095238061,0.0,0.0,0.
56.0,0.0,0.0,317129.8095238061,0.0,0.0,0.
57.0,0.0,0.0,408125.8095238061,0.0,0.0,0.
58.0,0.0,0.0,521374.8095238061,0.0,0.0,0.
59.0,0.0,0.0,469095.8095238061,0.0,0.0,0.
60.0,0.0,0.0,490593.8095238061,0.0,0.0,0.
61.0,0.0,0.0,537543.8095238061,0.0,0.0,0.
62.0,0.0,0.0,419279.8095238061,0.0,0.0,0.
63.0,0.0,0.0,563108.8095238061,0.0,0.0,0.
64.0,0.0,0.0,589974.8095238061,0.0,0.0,0.
65.0,0.0,0.0,515379.8095238061,0.0,0.0,0.
66.0,0.0,0.0,361232.8095238061,0.0,0.0,0.
67.0,0.0,0.0,335631.8095238061,0.0,0.0,0.
68.0,0.0,0.0,420580.8095238061,0.0,0.0,0.
69.0,0.0,0.0,444566.8095238061,0.0,0.0,0.
70.0,0.0,0.0,309042.8095238061,0.0,0.0,0.
71.0,0.0,0.0,356146.8095238061,0.0,0.0,0.
72.0,0.0,0.0,427968.8095238061,0.0,0.0,0.
73.0,0.0,0.0,402928.8095238061,0.0,0.0,0.
74.0,0.0,0.0,357192.8095238061,0.0,0.0,0.
75.0,0.0,0.0,382603.8095238061,0.0,0.0,0.
76.0,0.0,0.0,419391.8095238061,0.0,0.0,0.
77.0,0.0,0.0,523668.8095238061,0.0,0.0,0.
78.0,0.0,0.0,602626.8095238061,0.0,0.0,0.
79.0,0.0,0.0,455598.8095238061,0.0,0.0,0.
80.0,0.0,0.0,432537.8095238061,0.0,0.0,0.
81.0,0.0,0.0,425463.8095238061,0.0,0.0,0.
82.0,0.0,0.0,630909.8095238061,0.0,0.0,0.
83.0,0.0,0.0,417586.8095238061,0.0,0.0,0.
84.0,0.0,0.0,581482.8095238061,0.0,0.0,0.
85.0,0.0,0.0,510858.8095238061,0.0,0.0,0.
86.0,0.0,0.0,296866.8095238061,0.0,0.0,0.
87.0,0.0,0.0,443682.8095238061,0.0,0.0,0.
88.0,0.0,0.0,576489.8095238061,0.0,0.0,0.
89.0,0.0,0.0,576982.8095238061,0.0,0.0,0.
90.0,0.0,0.0,596015.8095238061,0.0,0.0,0.
91.0,0.0,0.0,566839.8095238061,0.0,0.0,0.
92.0,0.0,0.0,416181.8095238061,0.0,0.0,0.
93.0,0.0,0.0,358019.8095238061,0.0,0.0,0.
94.0,0.0,0.0,337648.8095238061,0.0,0.0,0.
95.0,0.0,0.0,390937.8095238061,0.0,0.0,0.
96.0,0.0,0.0,448111.8095238061,0.0,0.0,0.
97.0,0.0,0.0,545208.8095238061,0.0,0.0,0.
98.0,0.0,0.0,481374.8095238061,0.0,0.0,0.
99.0,0.0,0.0,529657.8095238061,0.0,0.0,0.
100.0,0.0,0.0,427913.8095238061,0.0,0.0,0.
101.0,0.0,0.0,351659.8095238061,0.0,0.0,0.
102.0,0.0,0.0,368585.8095238061,0.0,0.0,0.
103.0,0.0,0.0,356227.8095238061,0.0,0.0,0.
104.0,0.0,0.0,456498.8095238061,0.0,0.0,0.
105.0,0.0,0.0,434624.8095238061,0.0,0.0,0.
106.0,0.0,0.0,545533.8095238061,0.0,0.0,0.
107.0,0.0,0.0,480609.8095238061,0.0,0.0,0.
108.0,0.0,0.0,459734.8095238061,0.0,0.0,0.
109.0,0.0,0.0,512523.8095238061,0.0,0.0,0.
110.0,0.0,0.0,476314.8095238061,0.0,0.0,0.
111.0,0.0,0.0,519576.8095238061,0.0,0.0,0.
112.0,0.0,0.0,451557.8095238061,0.0,0.0,0.
113.0,0.0,0.0,531666.8095238061,0.0,0.0,0.
114.0,0.0,0.0,606333.8095238061,0.0,0.0,0.
115.0,0.0,0.0,597539.8095238061,0.0,0.0,0.
116.0,0.0,0.0,524527.8095238061,0.0,0.0,0.
117.0,0.0,0.0,480437.8095238061,0.0,0.0,0.
118.0,0.0,0.0,546999.8095238061,0.0,0.0,0.
119.0,0.0,0.0,452666.8095238061,0.0,0.0,0.
120.0,0.0,0.0,446584.8095238061,0.0,0.0,0.
121.0,0.0,0.0,461628.8095238061,0.0,0.0,0.
122.0,0.0,0.0,461853.8095238061,0.0,0.0,0.
123.0,0.0,0.0,478594.8095238061,0.0,0.0,0.
124.0,0.0,0.0,468735.8095238061,0.0,0.0,0.
125.0,0.0,0.0,461777.8095238061,0.0,0.0,0.
126.0,0.0,0.0,414840.8095238061,0.0,0.0,0.
127.0,0.0,0.0,336813.8095238061,0.0,0.0,0.
128.0,0.0,0.0,505794.8095238061,0.0,0.0,0.
129.0,0.0,0.0,546504.8095238061,0.0,0.0,0.
130.0,0.0,0.0,241638.8095238061,0.0,0.0,0.
131.0,0.0,0.0,267221.8095238061,0.0,0.0,0.
132.0,0.0,0.0,255568.1904761939,0.0,0.0,0.
133.0,0.0,0.0,256917.1904761939,0.0,0.0,0.
134.0,0.0,0.0,268495.8095238061,0.0,0.0,0.
135.0,0.0,0.0,268118.1904761939,0.0,0.0,0.
136.0,0.0,0.0,359303.8095238061,0.0,0.0,0.
137.0,0.0,0.0,436133.8095238061,0.0,0.0,0.
138.0,0.0,0.0,363548.8095238061,0.0,0.0,0.
139.0,0.0,0.0,404910.8095238061,0.0,0.0,0.
140.0,0.0,0.0,380342.8095238061,0.0,0.0,0.
141.0,0.0,0.0,381508.8095238061,0.0,0.0,0.
142.0,0.0,0.0,350758.8095238061,0.0,0.0,0.
143.0,0.0,0.0,230423.8095238061,0.0,0.0,0.
144.0,0.0,0.0,211920.1904761939,0.0,0.0,0.
145.0,0.0,0.0,326121.8095238061,0.0,0.0,0.
146.0,0.0,0.0,421704.8095238061,0.0,0.0,0.
147.0,0.0,0.0,336983.8095238061,0.0,0.0,0.
148.0,0.0,0.0,249505.8095238061,0.0,0.0,0.
149.0,0.0,0.0,226553.1904761939,0.0,0.0,0.
150.0,0.0,0.0,266452.1904761939,0.0,0.0,0.
151.0,0.0,0.0,338670.8095238061,0.0,0.0,0.
152.0,0.0,0.0,330541.8095238061,0.0,0.0,0.
153.0,0.0,0.0,317611.8095238061,0.0,0.0,0.
154.0,0.0,0.0,307826.8095238061,0.0,0.0,0.
155.0,0.0,0.0,269779.8095238061,0.0,0.0,0.
156.0,0.0,0.0,243780.1904761939,0.0,0.0,0.
157.0,0.0,0.0,225392.1904761939,0.0,0.0,0.
158.0,0.0,0.0,234473.1904761939,0.0,0.0,0.
159.0,0.0,0.0,229494.1904761939,0.0,0.0,0.
160.0,0.0,0.0,224342.1904761939,0.0,0.0,0.
161.0,0.0,0.0,219771.1904761939,0.0,0.0,0.
162.0,0.0,0.0,229417.1904761939,0.0,0.0,0.
163.0,0.0,0.0,270314.1904761939,0.0,0.0,0.
164.0,0.0,0.0,497921.8095238061,0.0,0.0,0.
165.0,0.0,0.0,315280.1904761939,0.0,0.0,0.
166.0,0.0,0.0,302193.1904761939,0.0,0.0,0.
167.0,0.0,0.0,280811.1904761939,0.0,0.0,0.
168.0,0.0,0.0,279944.1904761939,0.0,0.0,0.
169.0,0.0,0.0,286348.8095238061,0.0,0.0,0.
170.0,0.0,0.0,247742.8095238061,0.0,0.0,0.
171.0,0.0,0.0,224538.1904761939,0.0,0.0,0.
172.0,0.0,0.0,199362.1904761939,0.0,0.0,0.
173.0,0.0,0.0,209392.1904761939,0.0,0.0,0.
174.0,0.0,0.0,324614.8095238061,0.0,0.0,0.
175.0,0.0,0.0,210170.1904761939,0.0,0.0,0.
176.0,0.0,0.0,212861.1904761939,0.0,0.0,0.
177.0,0.0,0.0,232835.1904761939,0.0,0.0,0.
178.0,0.0,0.0,424246.8095238061,0.0,0.0,0.
179.0,0.0,0.0,299001.8095238061,0.0,0.0,0.
180.0,0.0,0.0,365914.8095238061,0.0,0.0,0.
181.0,0.0,0.0,320223.8095238061,0.0,0.0,0.
182.0,0.0,0.0,343146.8095238061,0.0,0.0,0.
183.0,0.0,0.0,451647.8095238061,0.0,0.0,0.
184.0,0.0,0.0,502896.8095238061,0.0,0.0,0.
185.0,0.0,0.0,400288.8095238061,0.0,0.0,0.
186.0,0.0,0.0,349463.8095238061,0.0,0.0,0.
187.0,0.0,0.0,455309.8095238061,0.0,0.0,0.
188.0,0.0,0.0,411813.8095238061,0.0,0.0,0.
189.0,0.0,0.0,344490.8095238061,0.0,0.0,0.
190.0,0.0,0.0,393709.8095238061,0.0,0.0,0.
191.0,0.0,0.0,323108.8095238061,0.0,0.0,0.
192.0,0.0,0.0,349155.8095238061,0.0,0.0,0.
193.0,0.0,0.0,314811.8095238061,0.0,0.0,0.
194.0,0.0,0.0,381255.8095238061,0.0,0.0,0.
195.0,0.0,0.0,381146.8095238061,0.0,0.0,0.
196.0,0.0,0.0,369288.8095238061,0.0,0.0,0.
197.0,0.0,0.0,446291.8095238061,0.0,0.0,0.
198.0,0.0,0.0,435216.8095238061,0.0,0.0,0.
199.0,0.0,0.0,418528.8095238061,0.0,0.0,0.
200.0,0.0,0.0,428997.8095238061,0.0,0.0,0.
201.0,0.0,0.0,441707.8095238061,0.0,0.0,0.
202.0,0.0,0.0,454095.8095238061,0.0,0.0,0.
203.0,0.0,0.0,721441.8095238061,0.0,0.0,0.
204.0,0.0,0.0,412139.8095238061,0.0,0.0,0.
205.0,0.0,0.0,268298.8095238061,0.0,0.0,0.
206.0,0.0,0.0,266765.8095238061,0.0,0.0,0.
207.0,0.0,0.0,557788.8095238061,0.0,0.0,0.
208.0,0.0,0.0,345177.8095238061,0.0,0.0,0.
209.0,0.0,0.0,461486.8095238061,0.0,0.0,0.
210.0,0.0,0.0,266038.8095238061,0.0,0.0,0.
211.0,0.0,0.0,351241.8095238061,0.0,0.0,0.
212.0,0.0,0.0,440675.8095238061,0.0,0.0,0.
213.0,0.0,0.0,412000.8095238061,0.0,0.0,0.
214.0,0.0,0.0,609626.8095238061,0.0,0.0,0.
215.0,0.0,0.0,220435.1904761939,0.0,0.0,0.
216.0,0.0,0.0,221710.1904761939,0.0,0.0,0.
217.0,0.0,0.0,245715.1904761939,0.0,0.0,0.
218.0,0.0,0.0,234548.1904761939,0.0,0.0,0.
219.0,0.0,0.0,267765.8095238061,0.0,0.0,0.
220.0,0.0,0.0,336026.8095238061,0.0,0.0,0.
221.0,0.0,0.0,252111.1904761939,0.0,0.0,0.
222.0,0.0,0.0,404444.8095238061,0.0,0.0,0.
223.0,0.0,0.0,349616.8095238061,0.0,0.0,0.
224.0,0.0,0.0,321702.8095238061,0.0,0.0,0.
225.0,0.0,0.0,663519.8095238061,0.0,0.0,0.
226.0,0.0,0.0,449260.8095238061,0.0,0.0,0.
227.0,0.0,0.0,266602.8095238061,0.0,0.0,0.
228.0,0.0,0.0,192821.1904761939,0.0,0.0,0.
229.0,0.0,0.0,237220.1904761939,0.0,0.0,0.
230.0,0.0,0.0,234942.1904761939,0.0,0.0,0.
231.0,0.0,0.0,231601.1904761939,0.0,0.0,0.
232.0,0.0,0.0,285857.8095238061,0.0,0.0,0.
233.0,0.0,0.0,295314.8095238061,0.0,0.0,0.
234.0,0.0,0.0,304898.8095238061,0.0,0.0,0.
235.0,0.0,0.0,452833.8095238061,0.0,0.0,0.
236.0,0.0,0.0,505318.8095238061,0.0,0.0,0.
237.0,0.0,0.0,339811.8095238061,0.0,0.0,0.
238.0,0.0,0.0,343095.8095238061,0.0,0.0,0.
239.0,0.0,0.0,477505.8095238061,0.0,0.0,0.
240.0,0.0,0.0,257540.8095238061,0.0,0.0,0.
241.0,0.0,0.0,231349.1904761939,0.0,0.0,0.
242.0,0.0,0.0,242743.1904761939,0.0,0.0,0.
243.0,0.0,0.0,229133.1904761939,0.0,0.0,0.
244.0,0.0,0.0,251226.8095238061,0.0,0.0,0.
245.0,0.0,0.0,213966.1904761939,0.0,0.0,0.
246.0,0.0,0.0,417526.8095238061,0.0,0.0,0.
247.0,0.0,0.0,331115.8095238061,0.0,0.0,0.
248.0,0.0,0.0,443969.8095238061,0.0,0.0,0.
249.0,0.0,0.0,703566.8095238061,0.0,0.0,0.
250.0,0.0,0.0,320078.8095238061,0.0,0.0,0.
251.0,0.0,0.0,364718.8095238061,0.0,0.0,0.
252.0,0.0,0.0,215881.1904761939,0.0,0.0,0.
253.0,0.0,0.0,212140.1904761939,0.0,0.0,0.
254.0,0.0,0.0,442222.8095238061,0.0,0.0,0.
255.0,0.0,0.0,220578.1904761939,0.0,0.0,0.
256.0,0.0,0.0,334063.8095238061,0.0,0.0,0.
257.0,0.0,0.0,275482.1904761939,0.0,0.0,0.
258.0,0.0,0.0,248996.1904761939,0.0,0.0,0.
259.0,0.0,0.0,293024.8095238061,0.0,0.0,0.
260.0,0.0,0.0,293529.8095238061,0.0,0.0,0.
261.0,0.0,0.0,488998.8095238061,0.0,0.0,0.
262.0,0.0,0.0,250521.1904761939,0.0,0.0,0.
263.0,0.0,0.0,251800.8095238061,0.0,0.0,0.
264.0,0.0,0.0,219464.1904761939,0.0,0.0,0.
265.0,0.0,0.0,484959.8095238061,0.0,0.0,0.
266.0,0.0,0.0,357148.8095238061,0.0,0.0,0.
267.0,0.0,0.0,473897.8095238061,0.0,0.0,0.
268.0,0.0,0.0,442582.8095238061,0.0,0.0,0.
269.0,0.0,0.0,451458.8095238061,0.0,0.0,0.
270.0,0.0,0.0,380389.8095238061,0.0,0.0,0.
271.0,0.0,0.0,486280.8095238061,0.0,0.0,0.
272.0,0.0,0.0,465032.8095238061,0.0,0.0,0.
273.0,0.0,0.0,462912.8095238061,0.0,0.0,0.
274.0,0.0,0.0,517736.8095238061,0.0,0.0,0.
275.0,0.0,0.0,390098.8095238061,0.0,0.0,0.
276.0,0.0,0.0,520297.8095238061,0.0,0.0,0.
277.0,0.0,0.0,567862.8095238061,0.0,0.0,0.
278.0,0.0,0.0,417236.8095238061,0.0,0.0,0.
279.0,0.0,0.0,381062.8095238061,0.0,0.0,0.
280.0,0.0,0.0,562065.8095238061,0.0,0.0,0.
281.0,0.0,0.0,538894.8095238061,0.0,0.0,0.
282.0,0.0,0.0,508140.8095238061,0.0,0.0,0.
283.0,0.0,0.0,740231.8095238061,0.0,0.0,0.
284.0,0.0,0.0,416394.8095238061,0.0,0.0,0.
285.0,0.0,0.0,370806.8095238061,0.0,0.0,0.
286.0,0.0,0.0,643107.8095238061,0.0,0.0,0.
287.0,0.0,0.0,526596.8095238061,0.0,0.0,0.
288.0,0.0,0.0,436998.8095238061,0.0,0.0,0.
289.0,0.0,0.0,438683.8095238061,0.0,0.0,0.
290.0,0.0,0.0,396349.8095238061,0.0,0.0,0.
291.0,0.0,0.0,410898.8095238061,0.0,0.0,0.
292.0,0.0,0.0,381190.8095238061,0.0,0.0,0.
293.0,0.0,0.0,700436.8095238061,0.0,0.0,0.
294.0,0.0,0.0,644576.8095238061,0.0,0.0,0.
295.0,0.0,0.0,509370.8095238061,0.0,0.0,0.
296.0,0.0,0.0,510441.8095238061,0.0,0.0,0.
297.0,0.0,0.0,477717.8095238061,0.0,0.0,0.
298.0,0.0,0.0,439870.8095238061,0.0,0.0,0.
299.0,0.0,0.0,367690.8095238061,0.0,0.0,0.
300.0,0.0,0.0,481677.8095238061,0.0,0.0,0.
301.0,0.0,0.0,403262.8095238061,0.0,0.0,0.
302.0,0.0,0.0,425238.8095238061,0.0,0.0,0.
303.0,0.0,0.0,419294.8095238061,0.0,0.0,0.
304.0,0.0,0.0,347985.8095238061,0.0,0.0,0.
305.0,0.0,0.0,300965.8095238061,0.0,0.0,0.
306.0,0.0,0.0,428842.8095238061,0.0,0.0,0.
307.0,0.0,0.0,329622.8095238061,0.0,0.0,0.
308.0,0.0,0.0,391993.8095238061,0.0,0.0,0.
309.0,0.0,0.0,372036.8095238061,0.0,0.0,0.
310.0,0.0,0.0,387079.8095238061,0.0,0.0,0.
311.0,0.0,0.0,338250.8095238061,0.0,0.0,0.
312.0,0.0,0.0,311434.8095238061,0.0,0.0,0.
313.0,0.0,0.0,283124.8095238061,0.0,0.0,0.
314.0,0.0,0.0,372895.8095238061,0.0,0.0,0.
