Frame_Num,Water_Detected,Hands_in_Water,Soap_Score,Expected_Water_Detection,Expected_Water_Location,Expected_Soap_Score
1.0,1.0,1.0,761304.3928571413,1.0,1.0,0.
2.0,1.0,1.0,567416.3928571413,1.0,1.0,0.
3.0,1.0,1.0,769118.3928571413,1.0,1.0,0.
4.0,1.0,1.0,744211.3928571413,1.0,1.0,0.
5.0,1.0,1.0,720944.3928571413,1.0,1.0,0.
6.0,1.0,1.0,646434.3928571413,1.0,1.0,0.
7.0,1.0,1.0,715626.3928571413,1.0,1.0,0.
8.0,1.0,1.0,704395.3928571413,1.0,1.0,0.
9.0,1.0,1.0,453374.6071428587,1.0,1.0,0.
10.0,1.0,1.0,526719.3928571413,1.0,1.0,0.
11.0,1.0,1.0,718564.3928571413,1.0,1.0,0.
12.0,1.0,1.0,762639.3928571413,1.0,1.0,0.
13.0,1.0,1.0,729978.3928571413,1.0,1.0,0.
14.0,1.0,1.0,578280.3928571413,1.0,1.0,0.
15.0,1.0,1.0,681102.3928571413,1.0,1.0,0.
16.0,1.0,1.0,456648.3928571413,1.0,1.0,0.
17.0,1.0,1.0,769430.3928571413,1.0,1.0,0.
18.0,1.0,1.0,678549.3928571413,1.0,1.0,0.
19.0,1.0,1.0,810327.3928571413,1.0,1.0,0.
20.0,1.0,1.0,745637.3928571413,1.0,1.0,0.
21.0,1.0,1.0,774739.3928571413,1.0,1.0,0.
22.0,1.0,1.0,822907.3928571413,1.0,1.0,0.
23.0,1.0,1.0,378967.3928571413,1.0,1.0,0.
24.0,1.0,1.0,438185.3928571413,1.0,1.0,0.
25.0,1.0,1.0,731731.3928571413,1.0,1.0,0.
26.0,1.0,1.0,690932.3928571413,1.0,1.0,0.
27.0,1.0,1.0,800171.3928571413,1.0,1.0,0.
28.0,1.0,1.0,818884.3928571413,1.0,1.0,0.
29.0,1.0,1.0,391005.3928571413,1.0,1.0,0.
30.0,1.0,1.0,387459.3928571413,1.0,1.0,0.
31.0,1.0,1.0,445295.6071428587,1.0,1.0,0.
32.0,1.0,1.0,440909.3928571413,1.0,1.0,0.
33.0,1.0,1.0,513948.3928571413,1.0,1.0,0.
34.0,1.0,1.0,650354.3928571413,1.0,1.0,0.
35.0,1.0,1.0,754636.3928571413,1.0,1.0,0.
36.0,1.0,1.0,774625.3928571413,1.0,1.0,0.
37.0,1.0,1.0,348664.3928571413,1.0,1.0,0.
38.0,1.0,1.0,552123.3928571413,1.0,1.0,0.
39.0,1.0,1.0,498278.3928571413,1.0,1.0,0.
40.0,1.0,1.0,719836.3928571413,1.0,1.0,0.
41.0,1.0,1.0,686843.3928571413,1.0,1.0,0.
42.0,1.0,1.0,633757.3928571413,1.0,1.0,0.
43.0,1.0,1.0,778454.3928571413,1.0,1.0,0.
44.0,1.0,1.0,581232.3928571413,1.0,1.0,0.
45.0,1.0,1.0,768955.3928571413,1.0,1.0,0.
46.0,1.0,1.0,727845.3928571413,1.0,1.0,0.
47.0,1.0,1.0,681452.3928571413,1.0,1.0,0.
48.0,1.0,1.0,716238.3928571413,1.0,1.0,0.
49.0,1.0,1.0,778360.3928571413,1.0,1.0,0.
50.0,1.0,1.0,679342.3928571413,1.0,1.0,0.
51.0,1.0,1.0,509671.3928571413,1.0,1.0,0.
52.0,1.0,1.0,602896.3928571413,1.0,1.0,0.
53.0,1.0,1.0,792841.3928571413,1.0,1.0,0.
54.0,1.0,1.0,707035.3928571413,1.0,1.0,0.
55.0,1.0,1.0,770464.3928571413,1.0,1.0,0.
56.0,1.0,1.0,338460.3928571413,1.0,1.0,0.
57.0,1.0,1.0,333572.3928571413,1.0,1.0,0.
58.0,1.0,1.0,314598.3928571413,1.0,1.0,0.
59.0,1.0,1.0,405313.3928571413,1.0,1.0,0.
60.0,1.0,1.0,604789.3928571413,1.0,1.0,0.
61.0,1.0,1.0,702015.3928571413,1.0,1.0,0.
62.0,1.0,1.0,311287.3928571413,1.0,1.0,0.
63.0,1.0,1.0,351716.3928571413,1.0,1.0,0.
64.0,1.0,1.0,594623.3928571413,1.0,1.0,0.
65.0,1.0,1.0,587263.3928571413,1.0,1.0,0.
66.0,1.0,1.0,552272.3928571413,1.0,1.0,0.
67.0,1.0,1.0,807826.3928571413,1.0,1.0,0.
68.0,1.0,1.0,386857.3928571413,1.0,1.0,0.
69.0,1.0,1.0,360877.3928571413,1.0,1.0,0.
70.0,1.0,1.0,466134.3928571413,1.0,1.0,0.
71.0,1.0,1.0,460778.3928571413,1.0,1.0,0.
72.0,1.0,1.0,814246.3928571413,1.0,1.0,0.
73.0,1.0,1.0,685956.3928571413,1.0,1.0,0.
74.0,1.0,1.0,720359.3928571413,1.0,1.0,0.
75.0,1.0,1.0,813802.3928571413,1.0,1.0,0.
76.0,1.0,1.0,371525.3928571413,1.0,1.0,0.
77.0,1.0,1.0,366618.3928571413,1.0,1.0,0.
78.0,1.0,1.0,864702.3928571413,1.0,1.0,0.
79.0,1.0,1.0,769439.3928571413,1.0,1.0,0.
80.0,1.0,1.0,774843.3928571413,1.0,1.0,0.
81.0,1.0,1.0,481776.3928571413,1.0,1.0,0.
82.0,1.0,1.0,538162.3928571413,1.0,1.0,0.
83.0,1.0,1.0,289034.3928571413,1.0,1.0,0.
84.0,1.0,1.0,365305.3928571413,1.0,1.0,0.
85.0,1.0,1.0,833304.3928571413,1.0,1.0,0.
86.0,1.0,1.0,748169.3928571413,1.0,1.0,0.
87.0,1.0,1.0,806127.3928571413,1.0,1.0,0.
88.0,1.0,1.0,450476.3928571413,1.0,1.0,0.
89.0,1.0,1.0,348836.3928571413,1.0,1.0,0.
90.0,1.0,1.0,311301.3928571413,1.0,1.0,0.
91.0,1.0,1.0,489499.3928571413,1.0,1.0,0.
92.0,1.0,1.0,535352.3928571413,1.0,1.0,0.
93.0,1.0,1.0,644780.3928571413,1.0,1.0,0.
94.0,1.0,1.0,502565.3928571413,1.0,1.0,0.
95.0,1.0,1.0,684023.3928571413,1.0,1.0,0.
96.0,1.0,1.0,584654.3928571413,1.0,1.0,0.
97.0,1.0,1.0,376675.3928571413,1.0,1.0,0.
98.0,1.0,1.0,408617.3928571413,1.0,1.0,0.
99.0,1.0,1.0,564972.3928571413,1.0,1.0,0.
100.0,1.0,1.0,360666.3928571413,1.0,1.0,0.
101.0,1.0,1.0,363046.3928571413,1.0,1.0,0.
102.0,1.0,1.0,343145.3928571413,1.0,1.0,0.
103.0,1.0,1.0,405944.3928571413,1.0,1.0,0.
104.0,1.0,1.0,484557.3928571413,1.0,1.0,0.
105.0,1.0,1.0,685319.3928571413,1.0,1.0,0.
106.0,1.0,1.0,487071.3928571413,1.0,1.0,0.
107.0,1.0,1.0,713182.3928571413,1.0,1.0,0.
108.0,1.0,1.0,442724.3928571413,1.0,1.0,0.
109.0,1.0,1.0,483127.3928571413,1.0,1.0,0.
110.0,1.0,1.0,387630.3928571413,1.0,1.0,0.
111.0,1.0,1.0,451124.3928571413,1.0,1.0,0.
112.0,1.0,1.0,328639.3928571413,1.0,1.0,0.
113.0,1.0,1.0,572857.3928571413,1.0,1.0,0.
114.0,1.0,1.0,568832.3928571413,1.0,1.0,0.
115.0,1.0,1.0,529431.3928571413,1.0,1.0,0.
116.0,1.0,1.0,719366.3928571413,1.0,1.0,0.
117.0,1.0,1.0,609044.3928571413,1.0,1.0,0.
118.0,1.0,1.0,529445.3928571413,1.0,1.0,0.
119.0,1.0,1.0,284099.3928571413,1.0,1.0,0.
120.0,1.0,1.0,449637.3928571413,1.0,1.0,0.
121.0,1.0,1.0,547776.3928571413,1.0,1.0,0.
122.0,1.0,1.0,546819.3928571413,1.0,1.0,0.
123.0,1.0,1.0,463479.3928571413,1.0,1.0,0.
124.0,1.0,1.0,209554.60714285867,1.0,1.0,0.
125.0,1.0,1.0,257497.60714285867,1.0,1.0,0.
126.0,1.0,1.0,358347.3928571413,1.0,1.0,0.
127.0,1.0,1.0,587657.3928571413,1.0,1.0,0.
128.0,1.0,1.0,546553.3928571413,1.0,1.0,0.
129.0,1.0,1.0,538003.3928571413,1.0,1.0,0.
130.0,1.0,1.0,718727.3928571413,1.0,1.0,0.
131.0,1.0,1.0,727525.3928571413,1.0,1.0,0.
132.0,1.0,1.0,770743.3928571413,1.0,1.0,0.
133.0,1.0,1.0,442838.3928571413,1.0,1.0,0.
134.0,1.0,1.0,326860.3928571413,1.0,1.0,0.
135.0,1.0,1.0,443895.3928571413,1.0,1.0,0.
136.0,1.0,1.0,655418.3928571413,1.0,1.0,0.
137.0,1.0,1.0,552729.3928571413,1.0,1.0,0.
138.0,1.0,1.0,501024.3928571413,1.0,1.0,0.
139.0,1.0,1.0,684929.3928571413,1.0,1.0,0.
140.0,1.0,1.0,546071.3928571413,1.0,1.0,0.
141.0,1.0,1.0,385976.3928571413,1.0,1.0,0.
142.0,1.0,1.0,398117.3928571413,1.0,1.0,0.
143.0,1.0,1.0,257504.39285714133,1.0,1.0,0.
144.0,1.0,1.0,611717.3928571413,1.0,1.0,0.
145.0,1.0,1.0,502082.3928571413,1.0,1.0,0.
146.0,1.0,1.0,487158.3928571413,1.0,1.0,0.
147.0,1.0,1.0,694479.3928571413,1.0,1.0,0.
148.0,1.0,1.0,655829.3928571413,1.0,1.0,0.
149.0,1.0,1.0,634458.3928571413,1.0,1.0,0.
150.0,1.0,1.0,240021.39285714133,1.0,1.0,0.
151.0,1.0,1.0,306857.3928571413,1.0,1.0,0.
152.0,1.0,1.0,568383.3928571413,1.0,1.0,0.
153.0,1.0,1.0,749243.3928571413,1.0,1.0,0.
154.0,1.0,1.0,689996.3928571413,1.0,1.0,0.
155.0,1.0,1.0,693366.3928571413,1.0,1.0,0.
156.0,1.0,1.0,545014.3928571413,1.0,1.0,0.
157.0,1.0,1.0,239630.60714285867,1.0,1.0,0.
158.0,1.0,1.0,251725.60714285867,1.0,1.0,0.
159.0,1.0,1.0,219421.60714285867,1.0,1.0,0.
160.0,1.0,1.0,255841.39285714133,1.0,1.0,0.
161.0,1.0,1.0,490256.3928571413,1.0,1.0,0.
162.0,1.0,1.0,345867.3928571413,1.0,1.0,0.
163.0,1.0,1.0,698334.3928571413,1.0,1.0,0.
164.0,1.0,1.0,628837.3928571413,1.0,1.0,0.
165.0,1.0,1.0,731145.3928571413,1.0,1.0,0.
166.0,1.0,1.0,547457.3928571413,1.0,1.0,0.
167.0,1.0,1.0,488010.3928571413,1.0,1.0,0.
168.0,1.0,1.0,336501.6071428587,1.0,1.0,0.
169.0,1.0,1.0,559658.3928571413,1.0,1.0,0.
170.0,1.0,1.0,553653.3928571413,1.0,1.0,0.
171.0,1.0,1.0,539663.3928571413,1.0,1.0,0.
172.0,1.0,1.0,716411.3928571413,1.0,1.0,0.
173.0,1.0,1.0,652669.3928571413,1.0,1.0,0.
174.0,1.0,1.0,249077.39285714133,1.0,1.0,0.
175.0,1.0,1.0,232867.60714285867,1.0,1.0,0.
176.0,1.0,1.0,265408.3928571413,1.0,1.0,0.
177.0,1.0,1.0,439111.3928571413,1.0,1.0,0.
178.0,1.0,1.0,539835.3928571413,1.0,1.0,0.
179.0,1.0,1.0,711923.3928571413,1.0,1.0,0.
180.0,1.0,1.0,737175.3928571413,1.0,1.0,0.
181.0,1.0,1.0,338065.3928571413,1.0,1.0,0.
182.0,1.0,1.0,394827.3928571413,1.0,1.0,0.
183.0,1.0,1.0,340308.3928571413,1.0,1.0,0.
184.0,1.0,1.0,252660.39285714133,1.0,1.0,0.
185.0,1.0,1.0,324454.3928571413,1.0,1.0,0.
186.0,1.0,1.0,516399.3928571413,1.0,1.0,0.
187.0,1.0,1.0,427318.3928571413,1.0,1.0,0.
188.0,1.0,1.0,302104.3928571413,1.0,1.0,0.
189.0,1.0,1.0,349905.6071428587,1.0,1.0,0.
190.0,1.0,1.0,335823.6071428587,1.0,1.0,0.
191.0,1.0,1.0,354442.3928571413,1.0,1.0,0.
192.0,1.0,1.0,596306.3928571413,1.0,1.0,0.
193.0,1.0,1.0,774935.3928571413,1.0,1.0,0.
194.0,1.0,1.0,728848.3928571413,1.0,1.0,0.
195.0,1.0,1.0,549423.3928571413,1.0,1.0,0.
196.0,1.0,1.0,664934.3928571413,1.0,1.0,0.
197.0,1.0,1.0,592391.3928571413,1.0,1.0,0.
198.0,1.0,1.0,466777.3928571413,1.0,1.0,0.
199.0,1.0,1.0,491701.3928571413,1.0,1.0,0.
200.0,1.0,1.0,445114.3928571413,1.0,1.0,0.
201.0,1.0,1.0,447088.3928571413,1.0,1.0,0.
202.0,1.0,1.0,254106.60714285867,1.0,1.0,0.
203.0,1.0,1.0,256218.60714285867,1.0,1.0,0.
204.0,1.0,1.0,389518.3928571413,1.0,1.0,0.
205.0,1.0,1.0,527137.3928571413,1.0,1.0,0.
206.0,1.0,1.0,551896.3928571413,1.0,1.0,0.
207.0,1.0,1.0,744881.3928571413,1.0,1.0,0.
208.0,1.0,1.0,757024.3928571413,1.0,1.0,0.
209.0,1.0,1.0,524365.3928571413,1.0,1.0,0.
210.0,1.0,1.0,318825.3928571413,1.0,1.0,0.
211.0,1.0,1.0,237629.60714285867,1.0,1.0,0.
212.0,1.0,1.0,272298.6071428587,1.0,1.0,0.
213.0,1.0,1.0,482321.3928571413,1.0,1.0,0.
214.0,1.0,1.0,715636.3928571413,1.0,1.0,0.
215.0,1.0,1.0,410577.3928571413,1.0,1.0,0.
216.0,1.0,1.0,457459.3928571413,1.0,1.0,0.
217.0,1.0,1.0,381245.3928571413,1.0,1.0,0.
218.0,1.0,1.0,235804.60714285867,1.0,1.0,0.
219.0,1.0,1.0,607255.3928571413,1.0,1.0,0.
220.0,1.0,1.0,728815.3928571413,1.0,1.0,0.
221.0,1.0,1.0,659172.3928571413,1.0,1.0,0.
222.0,1.0,1.0,762747.3928571413,1.0,1.0,0.
223.0,1.0,1.0,557089.3928571413,1.0,1.0,0.
224.0,1.0,1.0,411998.3928571413,1.0,1.0,0.
225.0,1.0,1.0,251202.60714285867,1.0,1.0,0.
226.0,1.0,1.0,598337.3928571413,1.0,1.0,0.
227.0,1.0,1.0,450174.3928571413,1.0,1.0,0.
228.0,1.0,1.0,343150.3928571413,1.0,1.0,0.
229.0,1.0,1.0,381867.3928571413,1.0,1.0,0.
230.0,1.0,1.0,298886.3928571413,1.0,1.0,0.
231.0,1.0,1.0,558627.3928571413,1.0,1.0,0.
232.0,1.0,1.0,603774.3928571413,1.0,1.0,0.
233.0,1.0,1.0,551553.3928571413,1.0,1.0,0.
234.0,1.0,1.0,697521.3928571413,1.0,1.0,0.
235.0,1.0,1.0,724189.3928571413,1.0,1.0,0.
236.0,1.0,1.0,785973.3928571413,1.0,1.0,0.
237.0,1.0,1.0,396723.3928571413,1.0,1.0,0.
238.0,1.0,1.0,323359.3928571413,1.0,1.0,0.
239.0,1.0,1.0,267514.3928571413,1.0,1.0,0.
240.0,1.0,1.0,376880.3928571413,1.0,1.0,0.
241.0,1.0,1.0,403575.3928571413,1.0,1.0,0.
242.0,1.0,1.0,670769.3928571413,1.0,1.0,0.
243.0,1.0,1.0,657967.3928571413,1.0,1.0,0.
244.0,1.0,1.0,650658.3928571413,1.0,1.0,0.
245.0,1.0,1.0,496181.3928571413,1.0,1.0,0.
246.0,1.0,1.0,286719.3928571413,1.0,1.0,0.
247.0,1.0,1.0,265980.3928571413,1.0,1.0,0.
248.0,1.0,1.0,383277.3928571413,1.0,1.0,0.
249.0,1.0,1.0,326341.6071428587,1.0,1.0,0.
250.0,1.0,1.0,379714.3928571413,1.0,1.0,0.
251.0,1.0,1.0,419924.3928571413,1.0,1.0,0.
252.0,1.0,1.0,696046.3928571413,1.0,1.0,0.
253.0,1.0,1.0,679382.3928571413,1.0,1.0,0.
254.0,1.0,1.0,722636.3928571413,1.0,1.0,0.
255.0,1.0,1.0,732182.3928571413,1.0,1.0,0.
256.0,1.0,1.0,386330.3928571413,1.0,1.0,0.
257.0,1.0,1.0,398627.3928571413,1.0,1.0,0.
258.0,1.0,1.0,714861.3928571413,1.0,1.0,0.
259.0,1.0,1.0,569459.3928571413,1.0,1.0,0.
260.0,1.0,1.0,750861.3928571413,1.0,1.0,0.
261.0,1.0,1.0,765212.3928571413,1.0,1.0,0.
262.0,1.0,1.0,642000.3928571413,1.0,1.0,0.
263.0,1.0,1.0,676903.3928571413,1.0,1.0,0.
264.0,1.0,1.0,790923.3928571413,1.0,1.0,0.
265.0,1.0,1.0,374559.6071428587,1.0,1.0,0.
266.0,1.0,1.0,760685.3928571413,1.0,1.0,0.
267.0,1.0,1.0,441018.3928571413,1.0,1.0,0.
268.0,1.0,1.0,699382.3928571413,1.0,1.0,0.
269.0,1.0,1.0,744356.3928571413,1.0,1.0,0.
270.0,1.0,1.0,835866.3928571413,1.0,1.0,0.
271.0,1.0,1.0,870718.3928571413,1.0,1.0,0.
272.0,1.0,1.0,473066.3928571413,1.0,1.0,0.
273.0,1.0,1.0,516693.3928571413,1.0,1.0,0.
274.0,1.0,1.0,853304.3928571413,1.0,1.0,0.
275.0,1.0,1.0,733929.3928571413,1.0,1.0,0.
276.0,1.0,1.0,770026.3928571413,1.0,1.0,0.
277.0,1.0,1.0,756735.3928571413,1.0,1.0,0.
278.0,1.0,1.0,517461.3928571413,1.0,1.0,0.
279.0,1.0,1.0,364223.3928571413,1.0,1.0,0.
280.0,1.0,1.0,283047.3928571413,1.0,1.0,0.
