Water_Detected,Hands_in_Water,Soap_Score,Expected_Water_Detection,Expected_Water_Location,Expected_Soap_Score
1.0,0.0,0.0,481348.3500000007,0.0,0.0,1.
2.0,0.0,1.0,464391.3500000007,0.0,0.0,1.
3.0,0.0,0.0,505063.3500000007,0.0,0.0,1.
4.0,0.0,1.0,657823.3500000007,0.0,0.0,1.
5.0,0.0,1.0,550615.3500000007,0.0,0.0,1.
6.0,0.0,1.0,509601.3500000007,0.0,0.0,1.
7.0,0.0,1.0,467930.3500000007,0.0,0.0,1.
8.0,0.0,1.0,457183.3500000007,0.0,0.0,1.
9.0,0.0,1.0,453046.3500000007,0.0,0.0,1.
10.0,0.0,1.0,436625.3500000007,0.0,0.0,1.
11.0,0.0,1.0,453003.3500000007,0.0,0.0,1.
12.0,0.0,1.0,485792.3500000007,0.0,0.0,1.
13.0,0.0,1.0,475974.3500000007,0.0,0.0,1.
14.0,0.0,0.0,443708.3500000007,0.0,0.0,1.
15.0,0.0,0.0,438597.3500000007,0.0,0.0,1.
16.0,0.0,1.0,404772.3500000007,0.0,0.0,1.
17.0,0.0,0.0,418220.3500000007,0.0,0.0,1.
18.0,0.0,1.0,384444.3500000007,0.0,0.0,1.
19.0,0.0,1.0,368113.3500000007,0.0,0.0,1.
20.0,0.0,1.0,379241.3500000007,0.0,0.0,1.
21.0,0.0,1.0,343031.3500000007,0.0,0.0,1.
22.0,0.0,1.0,430505.3500000007,0.0,0.0,1.
23.0,0.0,0.0,310496.3500000007,0.0,0.0,1.
24.0,0.0,0.0,303829.3500000007,0.0,0.0,1.
25.0,0.0,0.0,288671.3500000007,0.0,0.0,1.
26.0,0.0,0.0,347850.3500000007,0.0,0.0,1.
27.0,0.0,0.0,371690.3500000007,0.0,0.0,1.
28.0,0.0,0.0,346082.3500000007,0.0,0.0,1.
29.0,0.0,0.0,356941.3500000007,0.0,0.0,1.
30.0,0.0,0.0,369376.3500000007,0.0,0.0,1.
31.0,0.0,0.0,437856.3500000007,0.0,0.0,1.
32.0,0.0,1.0,431425.3500000007,0.0,0.0,1.
33.0,0.0,1.0,408497.3500000007,0.0,0.0,1.
34.0,0.0,1.0,382896.3500000007,0.0,0.0,1.
35.0,0.0,1.0,418546.3500000007,0.0,0.0,1.
36.0,0.0,1.0,398433.3500000007,0.0,0.0,1.
37.0,0.0,0.0,452026.3500000007,0.0,0.0,1.
38.0,0.0,0.0,434231.3500000007,0.0,0.0,1.
39.0,0.0,1.0,468154.3500000007,0.0,0.0,1.
40.0,0.0,1.0,533845.3500000007,0.0,0.0,1.
41.0,0.0,1.0,535555.3500000007,0.0,0.0,1.
42.0,0.0,1.0,542944.3500000007,0.0,0.0,1.
43.0,0.0,1.0,516866.3500000007,0.0,0.0,1.
44.0,0.0,1.0,445285.3500000007,0.0,0.0,1.
45.0,0.0,0.0,251242.64999999932,0.0,0.0,1.
46.0,0.0,1.0,398048.3500000007,0.0,0.0,1.
47.0,0.0,1.0,414910.3500000007,0.0,0.0,1.
48.0,0.0,1.0,391420.3500000007,0.0,0.0,1.
49.0,0.0,1.0,422020.3500000007,0.0,0.0,1.
50.0,0.0,1.0,383488.3500000007,0.0,0.0,1.
51.0,0.0,1.0,386069.3500000007,0.0,0.0,1.
52.0,0.0,1.0,336258.3500000007,0.0,0.0,1.
53.0,0.0,1.0,354769.3500000007,0.0,0.0,1.
54.0,0.0,1.0,360067.3500000007,0.0,0.0,1.
55.0,0.0,1.0,357888.3500000007,0.0,0.0,1.
56.0,0.0,1.0,393642.3500000007,0.0,0.0,1.
57.0,0.0,1.0,416751.3500000007,0.0,0.0,1.
58.0,0.0,1.0,446214.3500000007,0.0,0.0,1.
59.0,0.0,1.0,459538.3500000007,0.0,0.0,1.
60.0,0.0,1.0,411970.3500000007,0.0,0.0,1.
61.0,0.0,1.0,443397.3500000007,0.0,0.0,1.
62.0,0.0,1.0,392106.3500000007,0.0,0.0,1.
63.0,0.0,1.0,398237.3500000007,0.0,0.0,1.
64.0,0.0,1.0,428844.3500000007,0.0,0.0,1.
65.0,0.0,1.0,379201.3500000007,0.0,0.0,1.
66.0,0.0,1.0,422439.3500000007,0.0,0.0,1.
67.0,0.0,1.0,394895.3500000007,0.0,0.0,1.
68.0,0.0,1.0,379315.3500000007,0.0,0.0,1.
69.0,0.0,1.0,416251.3500000007,0.0,0.0,1.
70.0,0.0,1.0,406843.3500000007,0.0,0.0,1.
71.0,0.0,1.0,386862.3500000007,0.0,0.0,1.
72.0,0.0,1.0,379918.3500000007,0.0,0.0,1.
73.0,0.0,1.0,376008.3500000007,0.0,0.0,1.
74.0,0.0,1.0,370881.3500000007,0.0,0.0,1.
75.0,0.0,1.0,367928.3500000007,0.0,0.0,1.
76.0,0.0,1.0,511901.3500000007,0.0,0.0,1.
77.0,0.0,1.0,561147.3500000007,0.0,0.0,1.
78.0,0.0,1.0,447912.3500000007,0.0,0.0,1.
79.0,0.0,1.0,428827.3500000007,0.0,0.0,1.
80.0,0.0,1.0,400652.3500000007,0.0,0.0,1.
81.0,0.0,1.0,378904.3500000007,0.0,0.0,1.
82.0,0.0,1.0,412776.3500000007,0.0,0.0,1.
83.0,0.0,1.0,385161.3500000007,0.0,0.0,1.
84.0,0.0,1.0,407126.3500000007,0.0,0.0,1.
85.0,0.0,1.0,417187.3500000007,0.0,0.0,1.
86.0,0.0,1.0,394812.3500000007,0.0,0.0,1.
87.0,0.0,1.0,372982.3500000007,0.0,0.0,1.
88.0,0.0,1.0,382276.3500000007,0.0,0.0,1.
89.0,0.0,1.0,385517.3500000007,0.0,0.0,1.
90.0,0.0,1.0,356508.3500000007,0.0,0.0,1.
91.0,0.0,1.0,391160.3500000007,0.0,0.0,1.
92.0,0.0,1.0,470881.3500000007,0.0,0.0,1.
93.0,0.0,1.0,407630.3500000007,0.0,0.0,1.
94.0,0.0,1.0,331420.3500000007,0.0,0.0,1.
95.0,0.0,1.0,371336.3500000007,0.0,0.0,1.
96.0,0.0,1.0,331239.3500000007,0.0,0.0,1.
97.0,0.0,1.0,422178.3500000007,0.0,0.0,1.
98.0,0.0,1.0,509697.3500000007,0.0,0.0,1.
99.0,0.0,1.0,511852.3500000007,0.0,0.0,1.
100.0,0.0,1.0,521420.3500000007,0.0,0.0,1.
101.0,0.0,1.0,487340.3500000007,0.0,0.0,1.
102.0,0.0,1.0,376140.3500000007,0.0,0.0,1.
103.0,0.0,1.0,372651.3500000007,0.0,0.0,1.
104.0,0.0,1.0,348941.3500000007,0.0,0.0,1.
105.0,0.0,1.0,353859.3500000007,0.0,0.0,1.
106.0,0.0,1.0,327938.3500000007,0.0,0.0,1.
107.0,0.0,1.0,381374.3500000007,0.0,0.0,1.
108.0,0.0,1.0,361381.3500000007,0.0,0.0,1.
109.0,0.0,1.0,372871.3500000007,0.0,0.0,1.
110.0,0.0,1.0,377553.3500000007,0.0,0.0,1.
111.0,0.0,1.0,391787.3500000007,0.0,0.0,1.
112.0,0.0,0.0,364424.3500000007,0.0,0.0,1.
113.0,0.0,1.0,309800.3500000007,0.0,0.0,1.
114.0,0.0,1.0,249453.64999999932,0.0,0.0,1.
115.0,0.0,0.0,266491.3500000007,0.0,0.0,1.
116.0,0.0,0.0,418042.3500000007,0.0,0.0,1.
117.0,0.0,0.0,437918.3500000007,0.0,0.0,1.
118.0,0.0,0.0,459795.3500000007,0.0,0.0,1.
119.0,0.0,0.0,476550.3500000007,0.0,0.0,1.
120.0,0.0,1.0,485238.3500000007,0.0,0.0,1.
121.0,0.0,1.0,476599.3500000007,0.0,0.0,1.
122.0,0.0,1.0,468434.3500000007,0.0,0.0,1.
123.0,0.0,1.0,497614.3500000007,0.0,0.0,1.
124.0,0.0,1.0,473681.3500000007,0.0,0.0,1.
125.0,0.0,1.0,487701.3500000007,0.0,0.0,1.
126.0,0.0,1.0,482838.3500000007,0.0,0.0,1.
127.0,0.0,1.0,426183.3500000007,0.0,0.0,1.
128.0,0.0,1.0,449096.3500000007,0.0,0.0,1.
129.0,0.0,0.0,367882.3500000007,0.0,0.0,1.
130.0,0.0,0.0,440504.3500000007,0.0,0.0,1.
131.0,0.0,0.0,409122.3500000007,0.0,0.0,1.
132.0,0.0,0.0,410430.3500000007,0.0,0.0,1.
133.0,0.0,0.0,356192.3500000007,0.0,0.0,1.
134.0,0.0,1.0,285298.3500000007,0.0,0.0,1.
135.0,0.0,1.0,364020.3500000007,0.0,0.0,1.
136.0,0.0,1.0,342338.3500000007,0.0,0.0,1.
137.0,0.0,0.0,313208.3500000007,0.0,0.0,1.
138.0,0.0,0.0,280483.3500000007,0.0,0.0,1.
139.0,0.0,0.0,284654.3500000007,0.0,0.0,1.
140.0,0.0,0.0,339163.3500000007,0.0,0.0,1.
141.0,0.0,0.0,303982.3500000007,0.0,0.0,1.
142.0,0.0,0.0,327901.3500000007,0.0,0.0,1.
143.0,0.0,0.0,301675.3500000007,0.0,0.0,1.
144.0,0.0,0.0,250786.64999999932,0.0,0.0,1.
145.0,0.0,0.0,257364.35000000068,0.0,0.0,1.
146.0,0.0,0.0,288467.3500000007,0.0,0.0,1.
147.0,0.0,0.0,279244.3500000007,0.0,0.0,1.
148.0,0.0,0.0,274904.3500000007,0.0,0.0,1.
149.0,0.0,0.0,293411.3500000007,0.0,0.0,1.
150.0,0.0,0.0,325082.3500000007,0.0,0.0,1.
151.0,0.0,0.0,356562.3500000007,0.0,0.0,1.
152.0,0.0,1.0,385344.3500000007,0.0,0.0,1.
153.0,0.0,1.0,374570.3500000007,0.0,0.0,1.
154.0,0.0,1.0,349046.3500000007,0.0,0.0,1.
155.0,0.0,1.0,343251.3500000007,0.0,0.0,1.
156.0,0.0,1.0,350311.3500000007,0.0,0.0,1.
157.0,0.0,1.0,290110.3500000007,0.0,0.0,1.
158.0,0.0,1.0,287999.3500000007,0.0,0.0,1.
159.0,0.0,1.0,308282.3500000007,0.0,0.0,1.
160.0,0.0,1.0,315710.3500000007,0.0,0.0,1.
161.0,0.0,1.0,338865.3500000007,0.0,0.0,1.
162.0,0.0,1.0,325483.3500000007,0.0,0.0,1.
163.0,0.0,0.0,313456.3500000007,0.0,0.0,1.
164.0,0.0,0.0,319646.3500000007,0.0,0.0,1.
165.0,0.0,0.0,322820.3500000007,0.0,0.0,1.
166.0,0.0,0.0,314003.3500000007,0.0,0.0,1.
167.0,0.0,0.0,316186.3500000007,0.0,0.0,1.
168.0,0.0,0.0,316447.3500000007,0.0,0.0,1.
169.0,0.0,1.0,344376.3500000007,0.0,0.0,1.
170.0,0.0,1.0,430759.3500000007,0.0,0.0,1.
171.0,0.0,1.0,426329.3500000007,0.0,0.0,1.
172.0,0.0,1.0,415040.3500000007,0.0,0.0,1.
173.0,0.0,1.0,426695.3500000007,0.0,0.0,1.
174.0,0.0,1.0,431114.3500000007,0.0,0.0,1.
175.0,0.0,1.0,447764.3500000007,0.0,0.0,1.
176.0,0.0,1.0,451628.3500000007,0.0,0.0,1.
177.0,0.0,1.0,477651.3500000007,0.0,0.0,1.
178.0,0.0,1.0,445918.3500000007,0.0,0.0,1.
179.0,0.0,1.0,446224.3500000007,0.0,0.0,1.
180.0,0.0,1.0,350109.3500000007,0.0,0.0,1.
181.0,0.0,1.0,377502.3500000007,0.0,0.0,1.
182.0,0.0,1.0,416852.3500000007,0.0,0.0,1.
183.0,0.0,0.0,296412.6499999993,0.0,0.0,1.
184.0,0.0,0.0,310800.6499999993,0.0,0.0,1.
185.0,0.0,0.0,351984.3500000007,0.0,0.0,1.
186.0,0.0,0.0,339633.3500000007,0.0,0.0,1.
187.0,0.0,0.0,357440.3500000007,0.0,0.0,1.
188.0,0.0,0.0,325485.3500000007,0.0,0.0,1.
189.0,0.0,0.0,323478.3500000007,0.0,0.0,1.
190.0,0.0,0.0,324548.3500000007,0.0,0.0,1.
191.0,0.0,0.0,328471.3500000007,0.0,0.0,1.
192.0,0.0,0.0,309557.3500000007,0.0,0.0,1.
193.0,0.0,0.0,388958.3500000007,0.0,0.0,1.
194.0,0.0,0.0,317712.3500000007,0.0,0.0,1.
195.0,0.0,0.0,320242.3500000007,0.0,0.0,1.
196.0,0.0,0.0,308090.3500000007,0.0,0.0,1.
197.0,0.0,0.0,346337.3500000007,0.0,0.0,1.
198.0,0.0,0.0,411390.3500000007,0.0,0.0,1.
199.0,0.0,0.0,422246.3500000007,0.0,0.0,1.
200.0,0.0,0.0,297293.6499999993,0.0,0.0,1.
201.0,0.0,1.0,293095.6499999993,0.0,0.0,1.
202.0,0.0,1.0,420959.3500000007,0.0,0.0,1.
203.0,0.0,1.0,290606.3500000007,0.0,0.0,1.
204.0,0.0,0.0,312377.3500000007,0.0,0.0,1.
205.0,0.0,0.0,292955.3500000007,0.0,0.0,1.
206.0,0.0,1.0,281069.6499999993,0.0,0.0,1.
207.0,0.0,1.0,297745.3500000007,0.0,0.0,1.
208.0,0.0,1.0,339524.3500000007,0.0,0.0,1.
209.0,0.0,1.0,333340.3500000007,0.0,0.0,1.
210.0,0.0,1.0,321885.3500000007,0.0,0.0,1.
211.0,0.0,1.0,352288.3500000007,0.0,0.0,1.
212.0,0.0,1.0,305368.3500000007,0.0,0.0,1.
213.0,0.0,0.0,287518.6499999993,0.0,0.0,1.
214.0,0.0,0.0,288977.3500000007,0.0,0.0,1.
215.0,0.0,0.0,300187.3500000007,0.0,0.0,1.
216.0,0.0,0.0,290440.6499999993,0.0,0.0,1.
217.0,0.0,0.0,291952.6499999993,0.0,0.0,1.
218.0,0.0,0.0,306148.3500000007,0.0,0.0,1.
219.0,0.0,0.0,290978.3500000007,0.0,0.0,1.
220.0,0.0,0.0,284511.3500000007,0.0,0.0,1.
221.0,0.0,1.0,302271.3500000007,0.0,0.0,1.
222.0,0.0,1.0,285410.3500000007,0.0,0.0,1.
223.0,0.0,1.0,297188.3500000007,0.0,0.0,1.
224.0,0.0,1.0,295525.3500000007,0.0,0.0,1.
225.0,0.0,0.0,316475.3500000007,0.0,0.0,1.
226.0,0.0,0.0,315687.3500000007,0.0,0.0,1.
227.0,0.0,0.0,307063.3500000007,0.0,0.0,1.
228.0,0.0,0.0,290168.3500000007,0.0,0.0,1.
229.0,0.0,0.0,319674.3500000007,0.0,0.0,1.
230.0,0.0,0.0,299896.3500000007,0.0,0.0,1.
231.0,0.0,0.0,321841.3500000007,0.0,0.0,1.
232.0,0.0,0.0,307898.3500000007,0.0,0.0,1.
233.0,0.0,0.0,284731.3500000007,0.0,0.0,1.
234.0,0.0,0.0,291546.6499999993,0.0,0.0,1.
235.0,0.0,0.0,316061.3500000007,0.0,0.0,1.
236.0,0.0,0.0,282415.6499999993,0.0,0.0,1.
237.0,0.0,0.0,292980.3500000007,0.0,0.0,1.
238.0,0.0,0.0,259095.35000000068,0.0,0.0,1.
239.0,0.0,0.0,377591.3500000007,0.0,0.0,1.
240.0,0.0,0.0,368442.3500000007,0.0,0.0,1.
241.0,0.0,0.0,410961.3500000007,0.0,0.0,1.
242.0,0.0,0.0,338297.3500000007,0.0,0.0,1.
243.0,0.0,0.0,406282.3500000007,0.0,0.0,1.
244.0,0.0,0.0,403826.3500000007,0.0,0.0,1.
245.0,0.0,0.0,340933.3500000007,0.0,0.0,1.
246.0,0.0,0.0,329174.3500000007,0.0,0.0,1.
247.0,0.0,0.0,365432.3500000007,0.0,0.0,1.
248.0,0.0,0.0,384061.3500000007,0.0,0.0,1.
249.0,0.0,0.0,399432.3500000007,0.0,0.0,1.
250.0,0.0,0.0,399272.3500000007,0.0,0.0,1.
251.0,0.0,1.0,385949.3500000007,0.0,0.0,1.
252.0,0.0,1.0,400664.3500000007,0.0,0.0,1.
253.0,0.0,0.0,371974.3500000007,0.0,0.0,1.
254.0,0.0,1.0,428325.3500000007,0.0,0.0,1.
255.0,0.0,1.0,327740.3500000007,0.0,0.0,1.
256.0,0.0,1.0,401421.3500000007,0.0,0.0,1.
257.0,0.0,0.0,296721.3500000007,0.0,0.0,1.
258.0,0.0,0.0,431828.3500000007,0.0,0.0,1.
259.0,0.0,0.0,425265.3500000007,0.0,0.0,1.
260.0,0.0,1.0,530393.3500000007,0.0,0.0,1.
261.0,0.0,1.0,450110.3500000007,0.0,0.0,1.
262.0,0.0,1.0,420630.3500000007,0.0,0.0,1.
263.0,0.0,1.0,418063.3500000007,0.0,0.0,1.
264.0,0.0,1.0,412683.3500000007,0.0,0.0,1.
265.0,0.0,1.0,435445.3500000007,0.0,0.0,1.
266.0,0.0,1.0,461182.3500000007,0.0,0.0,1.
267.0,0.0,1.0,446727.3500000007,0.0,0.0,1.
268.0,0.0,1.0,425647.3500000007,0.0,0.0,1.
269.0,0.0,0.0,388981.3500000007,0.0,0.0,1.
270.0,0.0,1.0,440224.3500000007,0.0,0.0,1.
271.0,0.0,1.0,451651.3500000007,0.0,0.0,1.
272.0,0.0,1.0,464376.3500000007,0.0,0.0,1.
273.0,0.0,1.0,461530.3500000007,0.0,0.0,1.
274.0,0.0,1.0,408596.3500000007,0.0,0.0,1.
275.0,0.0,0.0,348032.3500000007,0.0,0.0,1.
276.0,0.0,0.0,284231.3500000007,0.0,0.0,1.
277.0,0.0,1.0,328065.3500000007,0.0,0.0,1.
278.0,0.0,0.0,349640.3500000007,0.0,0.0,1.
279.0,0.0,0.0,345873.3500000007,0.0,0.0,1.
280.0,0.0,0.0,388508.3500000007,0.0,0.0,1.
281.0,0.0,0.0,294459.3500000007,0.0,0.0,1.
282.0,0.0,1.0,308987.3500000007,0.0,0.0,1.
283.0,0.0,1.0,326025.3500000007,0.0,0.0,1.
