Water_Detected,Hands_in_Water,Soap_Score,Expected_Water_Detection,Expected_Water_Location,Expected_Soap_Score
1.0,1.0,1.0,242225.35000000068,1.0,1.0,0.
2.0,1.0,1.0,475882.3500000007,1.0,1.0,0.
3.0,1.0,1.0,417826.3500000007,1.0,1.0,0.
4.0,1.0,1.0,432700.3500000007,1.0,1.0,0.
5.0,1.0,0.0,416137.3500000007,1.0,1.0,0.
6.0,1.0,0.0,409485.3500000007,1.0,1.0,0.
7.0,1.0,0.0,286338.3500000007,1.0,1.0,0.
8.0,1.0,0.0,418321.3500000007,1.0,1.0,0.
9.0,1.0,0.0,420717.3500000007,1.0,1.0,0.
10.0,1.0,0.0,430178.3500000007,1.0,1.0,0.
11.0,1.0,0.0,299741.3500000007,1.0,1.0,0.
12.0,1.0,0.0,497396.3500000007,1.0,1.0,0.
13.0,1.0,0.0,293837.3500000007,1.0,1.0,0.
14.0,1.0,0.0,343148.3500000007,1.0,1.0,0.
15.0,1.0,1.0,310077.3500000007,1.0,1.0,0.
16.0,1.0,0.0,307094.3500000007,1.0,1.0,0.
17.0,1.0,0.0,332970.3500000007,1.0,1.0,0.
18.0,1.0,0.0,340684.3500000007,1.0,1.0,0.
19.0,1.0,0.0,421784.3500000007,1.0,1.0,0.
20.0,1.0,0.0,319419.3500000007,1.0,1.0,0.
21.0,1.0,0.0,330914.3500000007,1.0,1.0,0.
22.0,1.0,0.0,266098.3500000007,1.0,1.0,0.
23.0,1.0,0.0,405904.3500000007,1.0,1.0,0.
24.0,1.0,0.0,407656.3500000007,1.0,1.0,0.
25.0,1.0,1.0,382894.3500000007,1.0,1.0,0.
26.0,1.0,0.0,391459.3500000007,1.0,1.0,0.
27.0,1.0,0.0,406601.3500000007,1.0,1.0,0.
28.0,1.0,0.0,386951.3500000007,1.0,1.0,0.
29.0,1.0,0.0,390841.3500000007,1.0,1.0,0.
30.0,1.0,0.0,392057.3500000007,1.0,1.0,0.
31.0,1.0,0.0,382163.3500000007,1.0,1.0,0.
32.0,1.0,0.0,390800.3500000007,1.0,1.0,0.
33.0,1.0,0.0,391615.3500000007,1.0,1.0,0.
34.0,1.0,0.0,400045.3500000007,1.0,1.0,0.
35.0,1.0,0.0,382033.3500000007,1.0,1.0,0.
36.0,1.0,0.0,398194.3500000007,1.0,1.0,0.
37.0,1.0,0.0,400588.3500000007,1.0,1.0,0.
38.0,1.0,0.0,417426.3500000007,1.0,1.0,0.
39.0,1.0,0.0,256768.64999999932,1.0,1.0,0.
40.0,1.0,0.0,268207.6499999993,1.0,1.0,0.
41.0,1.0,0.0,295193.3500000007,1.0,1.0,0.
42.0,1.0,0.0,278846.6499999993,1.0,1.0,0.
43.0,1.0,0.0,281292.6499999993,1.0,1.0,0.
44.0,1.0,0.0,445496.3500000007,1.0,1.0,0.
45.0,1.0,0.0,290425.6499999993,1.0,1.0,0.
46.0,1.0,0.0,282510.6499999993,1.0,1.0,0.
47.0,1.0,0.0,284523.6499999993,1.0,1.0,0.
48.0,1.0,0.0,283406.6499999993,1.0,1.0,0.
49.0,1.0,0.0,283446.6499999993,1.0,1.0,0.
50.0,1.0,0.0,268406.6499999993,1.0,1.0,0.
51.0,1.0,0.0,265903.6499999993,1.0,1.0,0.
52.0,1.0,0.0,246726.64999999932,1.0,1.0,0.
53.0,1.0,0.0,264998.6499999993,1.0,1.0,0.
54.0,1.0,0.0,244440.64999999932,1.0,1.0,0.
55.0,1.0,0.0,233492.64999999932,1.0,1.0,0.
56.0,1.0,0.0,224740.64999999932,1.0,1.0,0.
57.0,1.0,0.0,232545.64999999932,1.0,1.0,0.
58.0,1.0,0.0,241814.64999999932,1.0,1.0,0.
59.0,1.0,0.0,241680.64999999932,1.0,1.0,0.
60.0,1.0,0.0,245030.64999999932,1.0,1.0,0.
61.0,1.0,0.0,234863.64999999932,1.0,1.0,0.
62.0,1.0,0.0,229787.64999999932,1.0,1.0,0.
63.0,1.0,0.0,212322.64999999932,1.0,1.0,0.
64.0,1.0,0.0,221338.64999999932,1.0,1.0,0.
65.0,1.0,0.0,223847.64999999932,1.0,1.0,0.
66.0,1.0,0.0,220491.64999999932,1.0,1.0,0.
67.0,1.0,0.0,227884.64999999932,1.0,1.0,0.
68.0,1.0,0.0,245449.64999999932,1.0,1.0,0.
69.0,1.0,0.0,217647.35000000068,1.0,1.0,0.
70.0,1.0,0.0,278990.3500000007,1.0,1.0,0.
71.0,1.0,0.0,277727.3500000007,1.0,1.0,0.
72.0,1.0,0.0,269493.3500000007,1.0,1.0,0.
73.0,1.0,0.0,268873.3500000007,1.0,1.0,0.
74.0,1.0,0.0,261486.35000000068,1.0,1.0,0.
75.0,1.0,0.0,270687.3500000007,1.0,1.0,0.
76.0,1.0,0.0,270224.3500000007,1.0,1.0,0.
77.0,1.0,0.0,251365.35000000068,1.0,1.0,0.
78.0,1.0,0.0,266854.3500000007,1.0,1.0,0.
79.0,1.0,0.0,263865.3500000007,1.0,1.0,0.
80.0,1.0,0.0,267351.3500000007,1.0,1.0,0.
81.0,1.0,0.0,265276.3500000007,1.0,1.0,0.
82.0,1.0,0.0,342666.3500000007,1.0,1.0,0.
83.0,1.0,0.0,388926.3500000007,1.0,1.0,0.
84.0,1.0,0.0,280424.6499999993,1.0,1.0,0.
85.0,1.0,0.0,238810.64999999932,1.0,1.0,0.
86.0,1.0,0.0,244549.35000000068,1.0,1.0,0.
87.0,1.0,0.0,224816.35000000068,1.0,1.0,0.
88.0,1.0,0.0,174126.64999999932,1.0,1.0,0.
89.0,1.0,0.0,206643.64999999932,1.0,1.0,0.
90.0,1.0,0.0,190216.64999999932,1.0,1.0,0.
91.0,1.0,0.0,202362.35000000068,1.0,1.0,0.
92.0,1.0,0.0,266396.3500000007,1.0,1.0,0.
93.0,1.0,0.0,211988.35000000068,1.0,1.0,0.
94.0,1.0,0.0,248135.35000000068,1.0,1.0,0.
95.0,1.0,0.0,158172.64999999932,1.0,1.0,0.
96.0,1.0,0.0,273846.3500000007,1.0,1.0,0.
97.0,1.0,0.0,215839.64999999932,1.0,1.0,0.
98.0,1.0,0.0,259774.35000000068,1.0,1.0,0.
99.0,1.0,0.0,253700.35000000068,1.0,1.0,0.
100.0,1.0,0.0,376079.3500000007,1.0,1.0,0.
101.0,1.0,0.0,220529.35000000068,1.0,1.0,0.
102.0,1.0,0.0,337396.3500000007,1.0,1.0,0.
103.0,1.0,0.0,260427.35000000068,1.0,1.0,0.
104.0,1.0,0.0,289047.3500000007,1.0,1.0,0.
105.0,1.0,0.0,278639.3500000007,1.0,1.0,0.
106.0,1.0,0.0,357277.3500000007,1.0,1.0,0.
107.0,1.0,0.0,257438.35000000068,1.0,1.0,0.
108.0,1.0,0.0,187455.64999999932,1.0,1.0,0.
109.0,1.0,0.0,310936.3500000007,1.0,1.0,0.
110.0,1.0,0.0,313194.3500000007,1.0,1.0,0.
111.0,1.0,0.0,513089.3500000007,1.0,1.0,0.
112.0,1.0,0.0,296074.3500000007,1.0,1.0,0.
113.0,1.0,0.0,312003.3500000007,1.0,1.0,0.
114.0,1.0,0.0,299999.3500000007,1.0,1.0,0.
115.0,1.0,0.0,393988.3500000007,1.0,1.0,0.
116.0,1.0,0.0,247596.35000000068,1.0,1.0,0.
117.0,1.0,0.0,259091.35000000068,1.0,1.0,0.
118.0,1.0,0.0,209583.64999999932,1.0,1.0,0.
119.0,1.0,0.0,405503.3500000007,1.0,1.0,0.
120.0,1.0,0.0,285402.3500000007,1.0,1.0,0.
121.0,1.0,0.0,239148.35000000068,1.0,1.0,0.
122.0,1.0,0.0,244761.35000000068,1.0,1.0,0.
123.0,1.0,0.0,228909.35000000068,1.0,1.0,0.
124.0,1.0,0.0,195873.35000000068,1.0,1.0,0.
125.0,1.0,0.0,190204.64999999932,1.0,1.0,0.
126.0,1.0,0.0,179243.64999999932,1.0,1.0,0.
127.0,1.0,0.0,273380.3500000007,1.0,1.0,0.
128.0,1.0,0.0,194353.64999999932,1.0,1.0,0.
129.0,1.0,0.0,420540.3500000007,1.0,1.0,0.
130.0,1.0,0.0,181699.35000000068,1.0,1.0,0.
131.0,1.0,0.0,253436.35000000068,1.0,1.0,0.
132.0,1.0,0.0,202646.64999999932,1.0,1.0,0.
133.0,1.0,0.0,294466.3500000007,1.0,1.0,0.
134.0,1.0,0.0,329894.3500000007,1.0,1.0,0.
135.0,1.0,0.0,227647.35000000068,1.0,1.0,0.
136.0,1.0,0.0,624442.3500000007,1.0,1.0,0.
137.0,1.0,0.0,340032.3500000007,1.0,1.0,0.
138.0,1.0,0.0,332991.3500000007,1.0,1.0,0.
139.0,1.0,0.0,261814.35000000068,1.0,1.0,0.
140.0,1.0,0.0,213544.35000000068,1.0,1.0,0.
141.0,1.0,0.0,246830.35000000068,1.0,1.0,0.
142.0,1.0,0.0,192051.64999999932,1.0,1.0,0.
143.0,1.0,0.0,384401.3500000007,1.0,1.0,0.
144.0,1.0,0.0,211347.35000000068,1.0,1.0,0.
145.0,1.0,0.0,462956.3500000007,1.0,1.0,0.
146.0,1.0,0.0,213001.35000000068,1.0,1.0,0.
147.0,1.0,0.0,269921.3500000007,1.0,1.0,0.
148.0,1.0,0.0,215277.64999999932,1.0,1.0,0.
149.0,1.0,0.0,228676.35000000068,1.0,1.0,0.
150.0,1.0,0.0,338291.3500000007,1.0,1.0,0.
151.0,1.0,0.0,226783.35000000068,1.0,1.0,0.
152.0,1.0,0.0,254468.35000000068,1.0,1.0,0.
153.0,1.0,0.0,391330.3500000007,1.0,1.0,0.
154.0,1.0,0.0,262355.3500000007,1.0,1.0,0.
155.0,1.0,0.0,200532.64999999932,1.0,1.0,0.
156.0,1.0,0.0,396055.3500000007,1.0,1.0,0.
157.0,1.0,0.0,316351.3500000007,1.0,1.0,0.
158.0,1.0,0.0,239336.35000000068,1.0,1.0,0.
159.0,1.0,0.0,239217.35000000068,1.0,1.0,0.
160.0,1.0,0.0,198983.35000000068,1.0,1.0,0.
161.0,1.0,0.0,241953.35000000068,1.0,1.0,0.
162.0,1.0,0.0,230999.35000000068,1.0,1.0,0.
163.0,1.0,0.0,255401.35000000068,1.0,1.0,0.
164.0,1.0,0.0,205730.35000000068,1.0,1.0,0.
165.0,1.0,0.0,245038.35000000068,1.0,1.0,0.
166.0,1.0,0.0,274071.3500000007,1.0,1.0,0.
167.0,1.0,0.0,257342.35000000068,1.0,1.0,0.
168.0,1.0,1.0,238113.35000000068,1.0,1.0,0.
169.0,1.0,0.0,354708.3500000007,1.0,1.0,0.
170.0,1.0,0.0,282743.3500000007,1.0,1.0,0.
171.0,1.0,0.0,305016.3500000007,1.0,1.0,0.
172.0,1.0,0.0,172663.35000000068,1.0,1.0,0.
173.0,1.0,0.0,219895.35000000068,1.0,1.0,0.
174.0,1.0,0.0,155381.64999999932,1.0,1.0,0.
175.0,1.0,0.0,189056.64999999932,1.0,1.0,0.
176.0,1.0,0.0,210381.64999999932,1.0,1.0,0.
177.0,1.0,0.0,271268.6499999993,1.0,1.0,0.
178.0,1.0,0.0,294267.6499999993,1.0,1.0,0.
179.0,1.0,0.0,310288.6499999993,1.0,1.0,0.
180.0,1.0,0.0,283316.6499999993,1.0,1.0,0.
181.0,1.0,0.0,260254.64999999932,1.0,1.0,0.
182.0,1.0,0.0,246090.64999999932,1.0,1.0,0.
183.0,1.0,0.0,328981.6499999993,1.0,1.0,0.
184.0,1.0,0.0,320187.6499999993,1.0,1.0,0.
185.0,1.0,0.0,317485.6499999993,1.0,1.0,0.
186.0,1.0,0.0,332578.6499999993,1.0,1.0,0.
187.0,1.0,0.0,255457.64999999932,1.0,1.0,0.
188.0,1.0,0.0,260123.64999999932,1.0,1.0,0.
189.0,1.0,0.0,267323.6499999993,1.0,1.0,0.
190.0,1.0,0.0,260787.64999999932,1.0,1.0,0.
191.0,1.0,0.0,254704.64999999932,1.0,1.0,0.
192.0,1.0,0.0,256098.64999999932,1.0,1.0,0.
193.0,1.0,0.0,257964.64999999932,1.0,1.0,0.
194.0,1.0,0.0,260772.64999999932,1.0,1.0,0.
195.0,1.0,0.0,269351.6499999993,1.0,1.0,0.
196.0,1.0,0.0,275518.6499999993,1.0,1.0,0.
197.0,1.0,0.0,247142.64999999932,1.0,1.0,0.
198.0,1.0,0.0,240832.64999999932,1.0,1.0,0.
199.0,1.0,0.0,228921.64999999932,1.0,1.0,0.
200.0,1.0,0.0,230226.64999999932,1.0,1.0,0.
201.0,1.0,0.0,284157.6499999993,1.0,1.0,0.
202.0,1.0,0.0,236557.64999999932,1.0,1.0,0.
203.0,1.0,0.0,275858.6499999993,1.0,1.0,0.
204.0,1.0,0.0,297974.6499999993,1.0,1.0,0.
205.0,1.0,0.0,259782.64999999932,1.0,1.0,0.
206.0,1.0,0.0,243691.64999999932,1.0,1.0,0.
207.0,1.0,0.0,252682.64999999932,1.0,1.0,0.
208.0,1.0,0.0,264972.6499999993,1.0,1.0,0.
209.0,1.0,0.0,214203.64999999932,1.0,1.0,0.
210.0,1.0,0.0,168799.64999999932,1.0,1.0,0.
211.0,1.0,0.0,226872.64999999932,1.0,1.0,0.
212.0,1.0,0.0,213279.64999999932,1.0,1.0,0.
213.0,1.0,0.0,222366.64999999932,1.0,1.0,0.
214.0,1.0,0.0,224107.64999999932,1.0,1.0,0.
215.0,1.0,0.0,216374.64999999932,1.0,1.0,0.
216.0,1.0,0.0,219406.64999999932,1.0,1.0,0.
217.0,1.0,0.0,222802.64999999932,1.0,1.0,0.
218.0,1.0,0.0,235515.64999999932,1.0,1.0,0.
219.0,1.0,0.0,220829.64999999932,1.0,1.0,0.
220.0,1.0,0.0,221780.64999999932,1.0,1.0,0.
221.0,1.0,0.0,226356.64999999932,1.0,1.0,0.
222.0,1.0,0.0,200916.64999999932,1.0,1.0,0.
223.0,1.0,0.0,198990.64999999932,1.0,1.0,0.
224.0,1.0,0.0,309738.6499999993,1.0,1.0,0.
225.0,1.0,0.0,272875.6499999993,1.0,1.0,0.
226.0,1.0,0.0,234657.64999999932,1.0,1.0,0.
227.0,1.0,0.0,266070.6499999993,1.0,1.0,0.
