Water_Detected,Hands_in_Water,Soap_Score,Expected_Water_Detection,Expected_Water_Location,Expected_Soap_Score
1.0,0.0,1.0,531661.7578947351,0.0,0.0,1.
2.0,0.0,1.0,537954.7578947351,0.0,0.0,1.
3.0,0.0,1.0,559454.7578947351,0.0,0.0,1.
4.0,0.0,1.0,572768.7578947351,0.0,0.0,1.
5.0,0.0,1.0,571138.7578947351,0.0,0.0,1.
6.0,0.0,1.0,563606.7578947351,0.0,0.0,1.
7.0,0.0,1.0,562469.7578947351,0.0,0.0,1.
8.0,0.0,1.0,563774.7578947351,0.0,0.0,1.
9.0,0.0,1.0,558135.7578947351,0.0,0.0,1.
10.0,0.0,1.0,556796.7578947351,0.0,0.0,1.
11.0,0.0,1.0,566562.7578947351,0.0,0.0,1.
12.0,0.0,1.0,593053.7578947351,0.0,0.0,1.
13.0,0.0,1.0,676191.7578947351,0.0,0.0,1.
14.0,0.0,1.0,617563.7578947351,0.0,0.0,1.
15.0,0.0,1.0,552559.7578947351,0.0,0.0,1.
16.0,0.0,1.0,613502.7578947351,0.0,0.0,1.
17.0,0.0,0.0,659824.7578947351,0.0,0.0,1.
18.0,0.0,1.0,616601.7578947351,0.0,0.0,1.
19.0,0.0,1.0,638697.7578947351,0.0,0.0,1.
20.0,0.0,1.0,612045.7578947351,0.0,0.0,1.
21.0,0.0,1.0,654385.7578947351,0.0,0.0,1.
22.0,0.0,1.0,680343.7578947351,0.0,0.0,1.
23.0,0.0,1.0,605168.7578947351,0.0,0.0,1.
24.0,0.0,1.0,616032.7578947351,0.0,0.0,1.
25.0,0.0,1.0,541072.7578947351,0.0,0.0,1.
26.0,0.0,1.0,487957.7578947351,0.0,0.0,1.
27.0,0.0,1.0,450472.7578947351,0.0,0.0,1.
28.0,0.0,1.0,458191.7578947351,0.0,0.0,1.
29.0,0.0,1.0,382277.7578947351,0.0,0.0,1.
30.0,0.0,1.0,408169.7578947351,0.0,0.0,1.
31.0,0.0,1.0,449101.7578947351,0.0,0.0,1.
32.0,0.0,1.0,507049.7578947351,0.0,0.0,1.
33.0,0.0,1.0,644917.7578947351,0.0,0.0,1.
34.0,0.0,1.0,748343.7578947351,0.0,0.0,1.
35.0,0.0,1.0,800529.7578947351,0.0,0.0,1.
36.0,0.0,1.0,791133.7578947351,0.0,0.0,1.
37.0,0.0,1.0,548276.7578947351,0.0,0.0,1.
38.0,0.0,1.0,463928.7578947351,0.0,0.0,1.
39.0,0.0,1.0,471667.7578947351,0.0,0.0,1.
40.0,0.0,1.0,432971.7578947351,0.0,0.0,1.
41.0,0.0,1.0,421160.7578947351,0.0,0.0,1.
42.0,0.0,1.0,471049.7578947351,0.0,0.0,1.
43.0,0.0,1.0,566170.7578947351,0.0,0.0,1.
44.0,0.0,1.0,492131.7578947351,0.0,0.0,1.
45.0,0.0,1.0,561582.7578947351,0.0,0.0,1.
46.0,0.0,1.0,505296.7578947351,0.0,0.0,1.
47.0,0.0,1.0,530251.7578947351,0.0,0.0,1.
48.0,0.0,1.0,515616.7578947351,0.0,0.0,1.
49.0,0.0,1.0,570227.7578947351,0.0,0.0,1.
50.0,0.0,1.0,502538.7578947351,0.0,0.0,1.
51.0,0.0,1.0,423317.7578947351,0.0,0.0,1.
52.0,0.0,1.0,473858.7578947351,0.0,0.0,1.
53.0,0.0,1.0,449479.7578947351,0.0,0.0,1.
54.0,0.0,1.0,465668.7578947351,0.0,0.0,1.
55.0,0.0,1.0,388376.7578947351,0.0,0.0,1.
56.0,0.0,1.0,396624.7578947351,0.0,0.0,1.
57.0,0.0,1.0,437188.7578947351,0.0,0.0,1.
58.0,0.0,1.0,433421.7578947351,0.0,0.0,1.
59.0,0.0,1.0,448155.7578947351,0.0,0.0,1.
60.0,0.0,1.0,436733.7578947351,0.0,0.0,1.
61.0,0.0,1.0,479019.7578947351,0.0,0.0,1.
62.0,0.0,1.0,519223.7578947351,0.0,0.0,1.
63.0,0.0,1.0,473661.7578947351,0.0,0.0,1.
64.0,0.0,1.0,534115.7578947351,0.0,0.0,1.
65.0,0.0,1.0,568009.7578947351,0.0,0.0,1.
66.0,0.0,1.0,496961.7578947351,0.0,0.0,1.
67.0,0.0,1.0,516114.7578947351,0.0,0.0,1.
68.0,0.0,1.0,514504.7578947351,0.0,0.0,1.
69.0,0.0,1.0,486458.7578947351,0.0,0.0,1.
70.0,0.0,1.0,468002.7578947351,0.0,0.0,1.
71.0,0.0,1.0,499001.7578947351,0.0,0.0,1.
72.0,0.0,1.0,490351.7578947351,0.0,0.0,1.
73.0,0.0,1.0,443840.7578947351,0.0,0.0,1.
74.0,0.0,1.0,547280.7578947351,0.0,0.0,1.
75.0,0.0,1.0,545116.7578947351,0.0,0.0,1.
76.0,0.0,1.0,550872.7578947351,0.0,0.0,1.
77.0,0.0,1.0,620040.7578947351,0.0,0.0,1.
78.0,0.0,1.0,664673.7578947351,0.0,0.0,1.
79.0,0.0,1.0,532465.7578947351,0.0,0.0,1.
80.0,0.0,1.0,554450.7578947351,0.0,0.0,1.
81.0,0.0,1.0,466656.7578947351,0.0,0.0,1.
82.0,0.0,1.0,526110.7578947351,0.0,0.0,1.
83.0,0.0,1.0,474045.7578947351,0.0,0.0,1.
84.0,0.0,1.0,520607.7578947351,0.0,0.0,1.
85.0,0.0,1.0,455250.7578947351,0.0,0.0,1.
86.0,0.0,1.0,456055.7578947351,0.0,0.0,1.
87.0,0.0,1.0,506755.7578947351,0.0,0.0,1.
88.0,0.0,1.0,697749.7578947351,0.0,0.0,1.
89.0,0.0,1.0,696299.7578947351,0.0,0.0,1.
90.0,0.0,1.0,700480.7578947351,0.0,0.0,1.
91.0,0.0,1.0,520987.7578947351,0.0,0.0,1.
92.0,0.0,1.0,523872.7578947351,0.0,0.0,1.
93.0,0.0,1.0,545008.7578947351,0.0,0.0,1.
94.0,0.0,1.0,586952.7578947351,0.0,0.0,1.
95.0,0.0,1.0,610822.7578947351,0.0,0.0,1.
96.0,0.0,1.0,517526.7578947351,0.0,0.0,1.
97.0,0.0,1.0,547843.7578947351,0.0,0.0,1.
98.0,0.0,1.0,659493.7578947351,0.0,0.0,1.
99.0,0.0,1.0,660968.7578947351,0.0,0.0,1.
100.0,0.0,1.0,671203.7578947351,0.0,0.0,1.
101.0,0.0,1.0,752749.7578947351,0.0,0.0,1.
102.0,0.0,1.0,696271.7578947351,0.0,0.0,1.
103.0,0.0,1.0,545822.7578947351,0.0,0.0,1.
104.0,0.0,1.0,520577.7578947351,0.0,0.0,1.
105.0,0.0,1.0,507514.7578947351,0.0,0.0,1.
106.0,0.0,1.0,569915.7578947351,0.0,0.0,1.
107.0,0.0,1.0,589220.7578947351,0.0,0.0,1.
108.0,0.0,1.0,715106.7578947351,0.0,0.0,1.
109.0,0.0,1.0,732116.7578947351,0.0,0.0,1.
110.0,0.0,1.0,642971.7578947351,0.0,0.0,1.
111.0,0.0,1.0,610674.7578947351,0.0,0.0,1.
112.0,0.0,1.0,485700.7578947351,0.0,0.0,1.
113.0,0.0,1.0,492651.7578947351,0.0,0.0,1.
114.0,0.0,1.0,713721.7578947351,0.0,0.0,1.
115.0,0.0,1.0,677579.7578947351,0.0,0.0,1.
116.0,0.0,1.0,608811.7578947351,0.0,0.0,1.
117.0,0.0,1.0,614909.7578947351,0.0,0.0,1.
118.0,0.0,1.0,579427.7578947351,0.0,0.0,1.
119.0,0.0,1.0,564512.7578947351,0.0,0.0,1.
120.0,0.0,1.0,564078.7578947351,0.0,0.0,1.
121.0,0.0,1.0,704596.7578947351,0.0,0.0,1.
122.0,0.0,1.0,695407.7578947351,0.0,0.0,1.
123.0,0.0,1.0,668205.7578947351,0.0,0.0,1.
124.0,0.0,1.0,634148.7578947351,0.0,0.0,1.
125.0,0.0,1.0,542693.7578947351,0.0,0.0,1.
126.0,0.0,1.0,562504.7578947351,0.0,0.0,1.
127.0,0.0,1.0,608107.7578947351,0.0,0.0,1.
128.0,0.0,1.0,706193.7578947351,0.0,0.0,1.
129.0,0.0,1.0,535711.7578947351,0.0,0.0,1.
130.0,0.0,1.0,550184.7578947351,0.0,0.0,1.
131.0,0.0,1.0,607585.7578947351,0.0,0.0,1.
132.0,0.0,1.0,557911.7578947351,0.0,0.0,1.
133.0,0.0,1.0,649073.7578947351,0.0,0.0,1.
134.0,0.0,0.0,590218.7578947351,0.0,0.0,1.
135.0,0.0,1.0,592345.7578947351,0.0,0.0,1.
136.0,0.0,1.0,592568.7578947351,0.0,0.0,1.
137.0,0.0,1.0,623890.7578947351,0.0,0.0,1.
138.0,0.0,1.0,896208.7578947351,0.0,0.0,1.
139.0,0.0,0.0,896735.7578947351,0.0,0.0,1.
140.0,0.0,1.0,607641.7578947351,0.0,0.0,1.
141.0,0.0,1.0,621018.7578947351,0.0,0.0,1.
142.0,0.0,1.0,663413.7578947351,0.0,0.0,1.
143.0,0.0,1.0,601188.7578947351,0.0,0.0,1.
144.0,0.0,1.0,620203.7578947351,0.0,0.0,1.
145.0,0.0,1.0,630487.7578947351,0.0,0.0,1.
146.0,0.0,1.0,565672.7578947351,0.0,0.0,1.
147.0,0.0,1.0,627007.7578947351,0.0,0.0,1.
148.0,0.0,1.0,581529.7578947351,0.0,0.0,1.
149.0,0.0,1.0,604798.7578947351,0.0,0.0,1.
150.0,0.0,1.0,619495.7578947351,0.0,0.0,1.
151.0,0.0,1.0,682403.7578947351,0.0,0.0,1.
152.0,0.0,1.0,618961.7578947351,0.0,0.0,1.
153.0,0.0,1.0,655146.7578947351,0.0,0.0,1.
154.0,0.0,1.0,722154.7578947351,0.0,0.0,1.
155.0,0.0,1.0,752997.7578947351,0.0,0.0,1.
156.0,0.0,1.0,694862.7578947351,0.0,0.0,1.
157.0,0.0,1.0,750554.7578947351,0.0,0.0,1.
158.0,0.0,1.0,634754.7578947351,0.0,0.0,1.
159.0,0.0,1.0,541097.7578947351,0.0,0.0,1.
160.0,0.0,1.0,624333.7578947351,0.0,0.0,1.
161.0,0.0,1.0,624909.7578947351,0.0,0.0,1.
162.0,0.0,1.0,560786.7578947351,0.0,0.0,1.
163.0,0.0,1.0,653902.7578947351,0.0,0.0,1.
164.0,0.0,1.0,658264.7578947351,0.0,0.0,1.
165.0,0.0,1.0,560815.7578947351,0.0,0.0,1.
166.0,0.0,1.0,610605.7578947351,0.0,0.0,1.
167.0,0.0,1.0,677258.7578947351,0.0,0.0,1.
168.0,0.0,1.0,630229.7578947351,0.0,0.0,1.
169.0,0.0,1.0,660032.7578947351,0.0,0.0,1.
170.0,0.0,1.0,851567.7578947351,0.0,0.0,1.
171.0,0.0,1.0,657797.7578947351,0.0,0.0,1.
172.0,0.0,1.0,639511.7578947351,0.0,0.0,1.
173.0,0.0,1.0,812696.7578947351,0.0,0.0,1.
174.0,0.0,1.0,826770.7578947351,0.0,0.0,1.
175.0,0.0,1.0,753638.7578947351,0.0,0.0,1.
176.0,0.0,0.0,770151.7578947351,0.0,0.0,1.
177.0,0.0,1.0,578285.7578947351,0.0,0.0,1.
178.0,0.0,1.0,597439.7578947351,0.0,0.0,1.
179.0,0.0,1.0,608896.7578947351,0.0,0.0,1.
180.0,0.0,1.0,658917.7578947351,0.0,0.0,1.
181.0,0.0,1.0,574177.7578947351,0.0,0.0,1.
182.0,0.0,1.0,605402.7578947351,0.0,0.0,1.
183.0,0.0,1.0,651149.7578947351,0.0,0.0,1.
184.0,0.0,1.0,627168.7578947351,0.0,0.0,1.
185.0,0.0,1.0,611773.7578947351,0.0,0.0,1.
186.0,0.0,1.0,611754.7578947351,0.0,0.0,1.
187.0,0.0,1.0,608290.7578947351,0.0,0.0,1.
188.0,0.0,1.0,613458.7578947351,0.0,0.0,1.
189.0,0.0,1.0,610586.7578947351,0.0,0.0,1.
190.0,0.0,1.0,609035.7578947351,0.0,0.0,1.
191.0,0.0,1.0,601062.7578947351,0.0,0.0,1.
192.0,0.0,1.0,601498.7578947351,0.0,0.0,1.
193.0,0.0,1.0,596182.7578947351,0.0,0.0,1.
194.0,0.0,1.0,591157.7578947351,0.0,0.0,1.
195.0,0.0,1.0,592231.7578947351,0.0,0.0,1.
196.0,0.0,1.0,586419.7578947351,0.0,0.0,1.
197.0,0.0,1.0,592761.7578947351,0.0,0.0,1.
198.0,0.0,1.0,646462.7578947351,0.0,0.0,1.
199.0,0.0,1.0,511594.7578947351,0.0,0.0,1.
200.0,0.0,1.0,594068.7578947351,0.0,0.0,1.
201.0,0.0,1.0,792433.7578947351,0.0,0.0,1.
202.0,0.0,1.0,784107.7578947351,0.0,0.0,1.
203.0,0.0,1.0,854439.7578947351,0.0,0.0,1.
204.0,0.0,1.0,886751.7578947351,0.0,0.0,1.
205.0,0.0,1.0,943143.7578947351,0.0,0.0,1.
206.0,0.0,1.0,951990.7578947351,0.0,0.0,1.
207.0,0.0,1.0,940486.7578947351,0.0,0.0,1.
208.0,0.0,1.0,950895.7578947351,0.0,0.0,1.
209.0,0.0,1.0,943234.7578947351,0.0,0.0,1.
210.0,0.0,1.0,933842.7578947351,0.0,0.0,1.
211.0,0.0,1.0,927977.7578947351,0.0,0.0,1.
212.0,0.0,1.0,921333.7578947351,0.0,0.0,1.
213.0,0.0,1.0,909778.7578947351,0.0,0.0,1.
214.0,0.0,1.0,893016.7578947351,0.0,0.0,1.
215.0,0.0,1.0,905816.7578947351,0.0,0.0,1.
216.0,0.0,1.0,905370.7578947351,0.0,0.0,1.
217.0,0.0,1.0,905574.7578947351,0.0,0.0,1.
218.0,0.0,1.0,904007.7578947351,0.0,0.0,1.
219.0,0.0,1.0,897228.7578947351,0.0,0.0,1.
220.0,0.0,1.0,892139.7578947351,0.0,0.0,1.
221.0,0.0,1.0,883951.7578947351,0.0,0.0,1.
222.0,0.0,1.0,883796.7578947351,0.0,0.0,1.
223.0,0.0,1.0,873680.7578947351,0.0,0.0,1.
224.0,0.0,1.0,875814.7578947351,0.0,0.0,1.
225.0,0.0,1.0,824262.7578947351,0.0,0.0,1.
226.0,0.0,1.0,659174.7578947351,0.0,0.0,1.
227.0,0.0,1.0,450022.7578947351,0.0,0.0,1.
228.0,0.0,1.0,633767.7578947351,0.0,0.0,1.
229.0,0.0,1.0,517031.7578947351,0.0,0.0,1.
230.0,0.0,1.0,882180.7578947351,0.0,0.0,1.
231.0,0.0,1.0,1120947.757894735,0.0,0.0,1.
232.0,0.0,1.0,1119584.757894735,0.0,0.0,1.
